380
280
190
260
340
410
320
220
220
120
20
1
61
201
201
271
371
451
401
361
301
201
101
1
1
1
1
41
1
1
31
51
1
1
1
131
121
151
231
291
201
141
171
111
191
211
301
301
201
121
21
1
11
171
181
281
341
441
341
371
431
421
381
291
201
101
21
21
1
1
101
1
1
1
1
191
291
231
291
231
311
271
181
181
81
31
1
41
1
1
201
301
401
491
461
411
371
331
301
221
131
101
1
1
111
11
1
81
71
201
241
341
391
291
191
91
111
11
1
1
1
1
1
1
1
111
211
171
91
101
61
201
151
251
281
351
451
411
471
411
371
331
231
251
151
111
11
1
71
201
301
261
171
261
161
61
1
1
181
81
41
11
1
201
301
291
201
291
371
281
331
311
281
261
241
221
221
181
141
71
101
171
211
141
181
81
1
1
11
1
1
1
91
31
171
71
101
1
151
51
141
241
311
211
301
371
271
181
281
191
221
321
221
121