8.596240242953593 2.07062721180634
8.606697956144535 2.0526997034790124
8.617155669335474 2.034772195151685
8.627613382526416 2.0168446868243572
8.638071095717358 1.9989171784970297
8.6485288089083 1.980989670169702
8.658986522099239 1.9630621618423745
8.66944423529018 1.9451346535150469
8.689052447523196 1.9383371399409353
8.708660659756209 1.9315396263668234
8.728268871989224 1.9247421127927118
8.747877084222239 1.9179445992186
8.767485296455254 1.9111470856444883
8.787093508688269 1.9043495720703765
8.806701720921282 1.8975520584962648
8.826309933154297 1.890754544922153
8.845918145387312 1.8839570313480414
8.865526357620325 1.8771595177739295
8.88513456985334 1.870362004199818
8.904742782086355 1.863564490625706
8.92435099431937 1.8567669770515944
8.943959206552385 1.8499694634774826
8.963567418785399 1.843171949903371
8.983175631018414 1.8363744363292591
9.002783843251429 1.8295769227551475
9.022392055484442 1.8227794091810356
9.042000267717457 1.815981895606924
9.061608479950472 1.8091843820328122
9.081216692183487 1.8023868684587006
9.100824904416502 1.795589354884589
9.120433116649515 1.788791841310477
9.14004132888253 1.7819943277363652
9.159649541115545 1.7751968141622536
9.179257753348558 1.768399300588142
9.198865965581573 1.7616017870140301
9.218474177814588 1.7548042734399185
9.238082390047603 1.7480067598658067
9.257690602280618 1.741209246291695
9.277298814513632 1.7344117327175832
9.296907026746647 1.7276142191434716
9.316515238979662 1.7208167055693597
9.336123451212675 1.714019191995248
9.35573166344569 1.7072216784211363
9.375339875678705 1.7004241648470246
9.39494808791172 1.6936266512729128
9.414556300144735 1.6868291376988012
9.434164512377748 1.6800316241246893
9.453772724610763 1.6732341105505777
9.439829107022842 1.6884453297374011
9.42588548943492 1.7036565489242246
9.411941871846999 1.718867768111048
9.397998254259077 1.7340789872978715
9.384054636671156 1.749290206484695
9.370111019083234 1.7645014256715184
9.356167401495313 1.7797126448583418
9.342223783907391 1.794923864045165
9.32828016631947 1.8101350832319887
9.314336548731548 1.825346302418812
9.300392931143627 1.8405575216056353
9.286449313555705 1.8557687407924588
9.272505695967784 1.8709799599792822
9.258562078379862 1.8861911791661057
9.24461846079194 1.9014023983529291
9.230674843204019 1.9166136175397526
9.2167312256161 1.931824836726576
9.202787608028178 1.9470360559133995
9.188843990440256 1.962247275100223
9.174900372852335 1.9774584942870463
9.160956755264413 1.9926697134738698
9.147013137676492 2.0078809326606932
9.13306952008857 2.0230921518475165
9.119125902500649 2.03830337103434
9.105182284912727 2.0535145902211633
9.091238667324806 2.068725809407987
9.077295049736884 2.0839370285948102
9.063351432148963 2.099148247781634
9.049407814561041 2.114359466968457
9.03546419697312 2.1295706861552803
9.021520579385198 2.144781905342104
9.007576961797277 2.1599931245289277
8.993633344209355 2.175204343715751
8.990147439812375 2.1968169509770292
8.986661535415394 2.2184295582383076
8.983175631018414 2.240042165499586
8.979689726621434 2.261654772760864
8.976203822224454 2.283267380022142
8.972717917827472 2.3048799872834205
8.969232013430492 2.326492594544699
8.965746109033512 2.348105201805977
8.962260204636532 2.3697178090672555
8.95877430023955 2.391330416328534
8.95528839584257 2.412943023589812
8.95180249144559 2.43455563085109
8.94831658704861 2.4561682381123684
8.944830682651629 2.4777808453736467
8.94134477825465 2.499393452634925
8.921380053071944 2.499393452634925
8.901415327889238 2.499393452634925
8.881450602706533 2.499393452634925
8.861485877523826 2.499393452634925
8.841521152341121 2.499393452634925
8.821556427158415 2.499393452634925
8.80159170197571 2.499393452634925
8.781626976793003 2.499393452634925
8.761662251610298 2.499393452634925
8.741697526427592 2.499393452634925
8.721732801244887 2.499393452634925
8.720306749446122 2.5203088790168073
8.718880697647357 2.5412243053986896
8.717454645848592 2.562139731780572
8.716028594049828 2.583055158162454
8.714602542251063 2.6039705845443364
8.713176490452298 2.624886010926219
8.711750438653533 2.6458014373081014
8.710324386854769 2.6667168636899836
8.708898335056004 2.687632290071866
8.707472283257239 2.708547716453748
8.706046231458476 2.7294631428356304
8.704620179659711 2.7503785692175127
8.703194127860947 2.771293995599395
8.701768076062182 2.792209421981277
8.700342024263417 2.8131248483631595
8.698915972464652 2.8340402747450417
8.697489920665888 2.8549557011269244
8.696063868867123 2.8758711275088067
8.694637817068358 2.896786553890689
8.693211765269593 2.917701980272571
8.691785713470829 2.9386174066544535
8.690359661672064 2.9595328330363357
8.69782945680845 2.9789543003909404
8.705299251944837 2.9983757677455456
8.712769047081224 3.0177972351001503
8.72023884221761 3.037218702454755
8.727708637353995 3.0566401698093597
8.735178432490383 3.076061637163965
8.74264822762677 3.0954831045185696
8.750118022763155 3.1149045718731743
8.757587817899541 3.1343260392277794
8.765057613035928 3.153747506582384
8.772527408172316 3.173168973936989
8.779997203308701 3.1925904412915935
8.787466998445087 3.2120119086461987
8.794936793581474 3.2314333760008034
8.799119878857852 3.2513030310635918
8.803302964134227 3.2711726861263797
8.807486049410603 3.2910423411891676
8.81166913468698 3.310911996251956
8.815852219963357 3.3307816513147444
8.820035305239733 3.3506513063775323
8.824218390516108 3.37052096144032
8.828401475792486 3.3903906165031086
8.832584561068863 3.410260271565897
8.836767646345239 3.430129926628685
8.847661097585803 3.4475594486135868
8.858554548826366 3.4649889705984886
8.86944800006693 3.4824184925833905
8.880341451307494 3.4998480145682924
8.891234902548057 3.517277536553194
8.90212835378862 3.5347070585380957
8.913021805029185 3.5521365805229976
8.923915256269748 3.5695661025078995
8.934808707510312 3.5869956244928014
8.945702158750876 3.6044251464777033
8.956595609991439 3.621854668462605
8.967489061232003 3.6392841904475066
8.978382512472567 3.6567137124324085
8.98927596371313 3.6741432344173104
9.000169414953694 3.6915727564022123
9.011062866194258 3.709002278387114
9.021956317434821 3.726431800372016
9.032849768675385 3.743861322356918
9.04374321991595 3.76129084434182
9.054636671156512 3.7787203663267217
9.065530122397076 3.796149888311623
9.07642357363764 3.813579410296525
9.087317024878203 3.831008932281427
9.098210476118767 3.848438454266329
9.106800740525612 3.867112942107295
9.115391004932457 3.8857874299482615
9.1239812693393 3.9044619177892277
9.132571533746145 3.923136405630194
9.14116179815299 3.9418108934711604
9.149752062559834 3.9604853813121266
9.158342326966679 3.9791598691530927
9.166932591373524 3.9978343569940593
9.175522855780367 4.016508844835025
9.184113120187211 4.035183332675992
9.192703384594056 4.053857820516958
9.2012936490009 4.072532308357924
9.209883913407745 4.0912067961988905
9.218474177814588 4.109881284039857
9.227064442221433 4.128555771880823
9.235654706628278 4.147230259721789
9.244244971035123 4.165904747562756
9.252835235441967 4.184579235403722
9.261425499848812 4.203253723244688
9.270015764255655 4.221928211085655
9.2786060286625 4.240602698926621
9.287196293069345 4.259277186767587
9.29578655747619 4.277951674608554
9.304376821883034 4.2966261624495194
9.312967086289879 4.315300650290486
9.321557350696722 4.333975138131453
9.330147615103566 4.352649625972418
9.338737879510411 4.371324113813385
9.34507588750492 4.391288838996091
9.35141389549943 4.411253564178796
9.357751903493941 4.431218289361502
9.36408991148845 4.451183014544208
9.37042791948296 4.471147739726914
9.37676592747747 4.4911124649096195
9.38310393547198 4.511077190092325
9.389441943466489 4.531041915275031
9.395779951461 4.551006640457737
9.40211795945551 4.5709713656404425
9.408455967450019 4.590936090823148
9.414793975444528 4.610900816005854
9.421131983439038 4.63086554118856
9.427469991433549 4.6508302663712655
9.433807999428058 4.67079499155397
9.440146007422568 4.690759716736677
9.446484015417077 4.710724441919382
9.452822023411587 4.730689167102088
9.459160031406096 4.750653892284793
9.465498039400607 4.770618617467499
9.471836047395117 4.790583342650205
9.478174055389626 4.810548067832911
9.484512063384136 4.830512793015616
9.490850071378645 4.850477518198322
9.497188079373156 4.870442243381028
9.503526087367666 4.890406968563734
9.509864095362175 4.9103716937464394
9.516202103356685 4.930336418929145
9.522540111351194 4.950301144111851
9.528878119345704 4.970265869294557
9.535216127340215 4.9902305944772625
9.541554135334724 5.010195319659968
9.547892143329234 5.030160044842674
9.555859924808047 5.048585539512428
9.563827706286858 5.067011034182181
9.571795487765671 5.085436528851934
9.579763269244483 5.103862023521687
9.587731050723296 5.122287518191441
9.595698832202107 5.140713012861195
9.60366661368092 5.1591385075309475
9.611634395159733 5.177564002200701
9.619602176638544 5.195989496870455
9.627569958117357 5.214414991540208
9.635537739596169 5.232840486209962
9.643505521074982 5.251265980879714
9.651473302553793 5.269691475549468
9.659441084032606 5.288116970219222
9.667408865511419 5.306542464888975
9.67537664699023 5.3249679595587285
9.683344428469043 5.343393454228481
9.691312209947855 5.361818948898235
9.699279991426668 5.380244443567989
9.707247772905479 5.398669938237742
9.715215554384292 5.417095432907495
9.724000033464682 5.436337625178827
9.732784512545074 5.455579817450158
9.741568991625464 5.474822009721491
9.750353470705853 5.494064201992822
9.759137949786245 5.513306394264154
9.767922428866635 5.532548586535485
9.776706907947027 5.551790778806817
9.785491387027417 5.571032971078149
9.794275866107807 5.590275163349481
9.803060345188198 5.609517355620812
9.811844824268588 5.628759547892144
9.820629303348978 5.648001740163475
9.82941378242937 5.667243932434808
9.83819826150976 5.686486124706139
9.84698274059015 5.705728316977471
9.855767219670541 5.724970509248802
9.864551698750931 5.744212701520134
9.873336177831321 5.763454893791466
9.882120656911713 5.7826970860627975
9.890905135992103 5.801939278334129
9.899689615072495 5.8211814706054605
9.908474094152885 5.840423662876792
9.917258573233275 5.859665855148124
9.926043052313666 5.878908047419456
9.934827531394056 5.8981502396907874
9.928392015584246 5.9174567871202175
9.921956499774437 5.936763334549647
9.915520983964626 5.956069881979077
9.909085468154816 5.975376429408506
9.902649952345007 5.994682976837936
9.896214436535196 6.013989524267366
9.889778920725385 6.033296071696795
9.883343404915577 6.052602619126225
9.876907889105766 6.071909166555655
9.870472373295955 6.091215713985084
9.864036857486147 6.1105222614145145
9.857601341676336 6.129828808843944
9.851165825866527 6.149135356273374
9.844730310056717 6.168441903702804
9.838294794246906 6.187748451132233
9.831859278437097 6.207054998561663
9.825423762627286 6.226361545991093
9.818988246817476 6.245668093420522
9.812552731007667 6.264974640849952
9.806117215197856 6.284281188279381
9.799681699388046 6.3035877357088115
9.793246183578237 6.3228942831382415
9.786810667768426 6.342200830567671
9.780375151958616 6.361507377997101
9.773939636148807 6.38081392542653
9.767504120338996 6.40012047285596
9.767504120338996 6.421035899237842
9.767504120338996 6.4419513256197245
9.767504120338996 6.462866752001607
9.767504120338996 6.483782178383489
9.767504120338996 6.504697604765371
9.767504120338996 6.5256130311472536
9.767504120338996 6.546528457529136
9.767504120338996 6.567443883911018
9.767504120338996 6.5883593102929
9.767504120338996 6.609274736674783
9.767504120338996 6.630190163056665
9.767504120338996 6.651105589438547
9.767504120338996 6.672021015820429
9.767504120338996 6.692936442202312
9.767504120338996 6.713851868584193
9.767504120338996 6.734767294966076
9.767504120338996 6.7556827213479576
9.767504120338996 6.77659814772984
9.767504120338996 6.797513574111722
9.767504120338996 6.818429000493604
9.767504120338996 6.839344426875487
9.767504120338996 6.860259853257369
9.767504120338996 6.881175279639251
9.767504120338996 6.902090706021133
9.767504120338996 6.923006132403016
9.767504120338996 6.943921558784898
9.767504120338996 6.96483698516678
9.767504120338996 6.985752411548662
9.767504120338996 7.006667837930545
9.767504120338996 7.027583264312427
9.767504120338996 7.048498690694309
9.767504120338996 7.0694141170761915
9.767504120338996 7.090329543458074
9.761229492424432 7.110199198520862
9.754954864509868 7.13006885358365
9.748680236595302 7.1499385086464375
9.742405608680738 7.169808163709226
9.736130980766173 7.189677818772014
9.729856352851609 7.209547473834802
9.723581724937045 7.22941712889759
9.717307097022479 7.249286783960378
9.711032469107915 7.269156439023166
9.70475784119335 7.289026094085955
9.698483213278786 7.308895749148743
9.692208585364222 7.328765404211531
9.685933957449656 7.348635059274319
9.679659329535092 7.3685047143371065
9.673384701620527 7.3883743693998944
9.667110073705963 7.408244024462682
9.660835445791399 7.42811367952547
9.654560817876833 7.447983334588259
9.648286189962269 7.467852989651047
9.642011562047704 7.487722644713835
9.632599620175858 7.506023642797982
9.62318767830401 7.524324640882129
9.613775736432164 7.542625638966276
9.604363794560316 7.5609266370504224
9.59495185268847 7.57922763513457
9.585539910816623 7.597528633218717
9.576127968944775 7.615829631302864
9.566716027072928 7.634130629387011
9.55730408520108 7.652431627471158
9.547892143329234 7.6707326255553046
9.538480201457388 7.689033623639451
9.52906825958554 7.707334621723598
9.519656317713693 7.725635619807745
9.510244375841845 7.743936617891892
9.500832433969999 7.762237615976039
9.491420492098152 7.780538614060187
9.482008550226304 7.7988396121443335
9.472596608354458 7.81714061022848
9.46318466648261 7.835441608312627
9.453772724610763 7.853742606396774
9.442617830540426 7.869777766622883
9.431462936470089 7.885812926848994
9.420308042399752 7.901848087075103
9.409153148329416 7.917883247301213
9.397998254259079 7.933918407527322
9.386843360188742 7.949953567753432
9.375688466118405 7.965988727979542
9.364533572048067 7.982023888205651
9.35337867797773 7.998059048431761
9.342223783907393 8.01409420865787
9.331068889837056 8.03012936888398
9.31991399576672 8.04616452911009
9.308759101696383 8.0621996893362
9.297604207626046 8.078234849562309
9.286449313555709 8.094270009788419
9.278702859340196 8.113636145327199
9.270956405124684 8.133002280865979
9.263209950909173 8.152368416404759
9.255463496693661 8.171734551943539
9.247717042478149 8.191100687482319
9.239970588262636 8.210466823021099
9.232224134047124 8.229832958559877
9.224477679831612 8.249199094098657
9.216731225616101 8.268565229637437
9.208984771400589 8.287931365176217
9.201238317185076 8.307297500714997
9.193491862969564 8.326663636253777
9.185745408754052 8.346029771792557
9.177998954538541 8.365395907331337
9.170252500323029 8.384762042870117
9.162506046107517 8.404128178408897
9.154759591892004 8.423494313947677
9.147013137676492 8.442860449486457
9.139266683460981 8.462226585025237
9.131520229245469 8.481592720564016
9.123773775029957 8.500958856102795
9.116027320814444 8.520324991641575
9.108280866598932 8.539691127180355
9.10053441238342 8.559057262719135
9.092787958167909 8.578423398257915
9.085041503952397 8.597789533796695
9.077295049736884 8.617155669335474
9.07468062143915 8.638071095717358
9.072066193141413 8.658986522099239
9.069451764843679 8.67990194848112
9.066837336545943 8.700817374863004
9.064222908248208 8.721732801244887
9.061608479950472 8.742648227626768
9.058994051652737 8.76356365400865
9.056379623355001 8.784479080390533
9.053765195057267 8.805394506772416
9.05115076675953 8.826309933154297
9.048536338461796 8.847225359536179
9.045921910164061 8.868140785918062
9.043307481866325 8.889056212299945
9.04069305356859 8.909971638681826
9.038078625270854 8.930887065063708
9.03546419697312 8.95180249144559
9.032849768675383 8.972717917827474
9.030235340377649 8.993633344209355
9.027620912079913 9.014548770591237
9.025006483782178 9.03546419697312
9.024425499716015 9.055798639288838
9.023844515649852 9.076133081604556
9.023263531583687 9.096467523920275
9.022682547517524 9.116801966235995
9.022101563451361 9.137136408551713
9.021520579385198 9.157470850867432
9.020939595319035 9.17780529318315
9.020358611252872 9.198139735498868
9.01977762718671 9.218474177814588
9.019196643120544 9.238808620130307
9.018615659054381 9.259143062446025
9.018034674988218 9.279477504761743
9.017453690922055 9.299811947077462
9.016872706855892 9.32014638939318
9.016291722789727 9.340480831708899
9.015710738723564 9.360815274024619
9.015129754657401 9.381149716340337
9.014548770591238 9.401484158656055
9.001476629102562 9.417461220475548
8.988404487613886 9.433438282295043
8.97533234612521 9.449415344114536
8.962260204636532 9.465392405934029
8.949188063147856 9.481369467753522
8.93611592165918 9.497346529573017
8.923043780170504 9.51332359139251
8.909971638681828 9.529300653212003
8.89689949719315 9.545277715031496
8.883827355704474 9.56125477685099
8.870755214215798 9.577231838670484
8.857683072727122 9.593208900489977
8.844610931238446 9.609185962309471
8.83153878974977 9.625163024128964
8.818466648261094 9.641140085948457
8.805394506772416 9.65711714776795
8.79232236528374 9.673094209587445
8.779250223795064 9.689071271406938
8.766178082306388 9.705048333226431
8.753105940817711 9.721025395045926
8.740033799329034 9.737002456865419
8.726961657840357 9.752979518684912
8.713889516351681 9.768956580504405
8.700817374863005 9.7849336423239
8.68774523337433 9.800910704143392
8.674673091885653 9.816887765962885
8.661600950396977 9.83286482778238
8.6485288089083 9.848841889601873
8.635456667419623 9.864818951421366
8.622384525930947 9.88079601324086
8.609312384442271 9.896773075060354
8.596240242953595 9.912750136879847
8.583168101464917 9.92872719869934
8.570095959976241 9.944704260518833
8.557023818487565 9.960681322338328
8.543951676998889 9.97665838415782
8.531820729697397 9.959926043052315
8.519689782395906 9.943193701946809
8.507558835094414 9.926461360841303
8.495427887792921 9.909729019735797
8.48329694049143 9.892996678630292
8.471165993189938 9.876264337524786
8.459035045888447 9.85953199641928
8.446904098586955 9.842799655313774
8.434773151285464 9.826067314208268
8.422642203983973 9.809334973102763
8.41051125668248 9.792602631997257
8.398380309380988 9.775870290891751
8.386249362079496 9.759137949786245
8.374118414778005 9.74240560868074
8.361987467476514 9.725673267575234
8.349856520175022 9.708940926469728
8.337725572873529 9.692208585364222
8.325594625572037 9.675476244258716
8.313463678270546 9.65874390315321
8.301332730969055 9.642011562047704
8.289201783667563 9.625279220942199
8.277070836366072 9.608546879836693
8.26493988906458 9.591814538731187
8.252808941763087 9.575082197625681
8.240677994461596 9.558349856520175
8.228547047160104 9.54161751541467
8.216416099858613 9.524885174309164
8.204285152557121 9.508152833203658
8.19215420525563 9.491420492098152
8.180023257954137 9.474688150992646
8.167892310652645 9.45795580988714
8.155761363351154 9.441223468781635
8.143630416049662 9.424491127676129
8.13149946874817 9.407758786570623
8.11936852144668 9.391026445465117
8.107237574145188 9.374294104359612
8.095106626843695 9.357561763254106
8.082975679542203 9.3408294221486
8.070844732240712 9.324097081043094
8.05871378493922 9.307364739937588
8.046582837637729 9.290632398832082
8.034451890336237 9.273900057726577
8.022320943034746 9.25716771662107
8.010189995733253 9.240435375515565
7.998059048431761 9.22370303441006
7.98592810113027 9.206970693304553
7.973797153828778 9.190238352199048
7.961666206527287 9.173506011093542
7.949535259225795 9.156773669988036
7.937404311924303 9.14004132888253
7.925730585571625 9.123017144618208
7.914056859218946 9.105992960353884
7.902383132866268 9.088968776089562
7.890709406513589 9.07194459182524
7.879035680160911 9.054920407560916
7.867361953808232 9.037896223296594
7.855688227455554 9.020872039032271
7.844014501102876 9.003847854767947
7.832340774750198 8.986823670503625
7.820667048397519 8.969799486239303
7.808993322044841 8.95277530197498
7.797319595692162 8.935751117710657
7.785645869339484 8.918726933446335
7.773972142986805 8.90170274918201
7.762298416634127 8.884678564917689
7.750624690281448 8.867654380653367
7.73895096392877 8.850630196389043
7.727277237576091 8.83360601212472
7.715603511223413 8.816581827860398
7.703929784870734 8.799557643596074
7.692256058518056 8.782533459331752
7.680582332165378 8.76550927506743
7.6689086058127 8.748485090803108
7.657234879460021 8.731460906538784
7.645561153107343 8.714436722274462
7.633887426754664 8.69741253801014
7.622213700401986 8.680388353745816
7.610539974049307 8.663364169481493
7.598866247696629 8.646339985217171
7.58719252134395 8.629315800952847
7.575518794991272 8.612291616688525
7.563845068638593 8.595267432424203
7.552171342285915 8.578243248159879
7.540497615933236 8.561219063895557
7.528823889580558 8.544194879631235
7.51715016322788 8.52717069536691
7.505476436875202 8.510146511102588
7.493802710522523 8.493122326838266
7.482128984169845 8.476098142573942
7.470455257817166 8.45907395830962
7.458781531464488 8.442049774045298
7.447107805111809 8.425025589780974
7.435434078759131 8.408001405516652
7.421123523866264 8.39259003870895
7.406812968973397 8.377178671901246
7.39250241408053 8.361767305093544
7.378191859187663 8.346355938285841
7.363881304294797 8.330944571478138
7.34957074940193 8.315533204670436
7.335260194509063 8.300121837862733
7.320949639616196 8.28471047105503
7.306639084723329 8.269299104247327
7.2923285298304625 8.253887737439626
7.278017974937596 8.238476370631924
7.263707420044729 8.223065003824221
7.249396865151862 8.207653637016518
7.235086310258995 8.192242270208816
7.2207757553661285 8.176830903401113
7.206465200473262 8.16141953659341
7.192154645580395 8.146008169785707
7.177844090687528 8.130596802978005
7.163533535794661 8.115185436170302
7.146278309029609 8.126688920680337
7.129023082264555 8.138192405190372
7.111767855499503 8.149695889700407
7.09451262873445 8.161199374210444
7.077257401969397 8.172702858720479
7.060002175204344 8.184206343230514
7.042746948439292 8.195709827740549
7.025491721674238 8.207213312250584
7.008236494909186 8.218716796760619
6.990981268144132 8.230220281270654
6.97372604137908 8.24172376578069
6.956470814614027 8.253227250290726
6.939215587848974 8.26473073480076
6.921960361083921 8.276234219310796
6.904705134318869 8.28773770382083
6.887449907553815 8.299241188330866
6.870194680788763 8.310744672840903
6.85293945402371 8.322248157350938
6.835684227258657 8.333751641860973
6.818429000493604 8.345255126371008
6.807166847826437 8.362148355371758
6.79590469515927 8.379041584372509
6.784642542492103 8.39593481337326
6.7733803898249345 8.412828042374011
6.762118237157767 8.429721271374762
6.7508560844906 8.446614500375512
6.739593931823433 8.463507729376264
6.728331779156266 8.480400958377015
6.717069626489098 8.497294187377765
6.70580747382193 8.514187416378515
6.694545321154763 8.531080645379268
6.683283168487596 8.547973874380018
6.6720210158204285 8.564867103380768
6.66346470502784 8.583881127364299
6.654908394235252 8.602895151347827
6.646352083442664 8.621909175331357
6.637795772650076 8.640923199314887
6.6292394618574875 8.659937223298416
6.6206831510649 8.678951247281946
6.612126840272311 8.697965271265474
6.603570529479724 8.716979295249004
6.595014218687135 8.735993319232534
6.586457907894547 8.755007343216063
6.577901597101959 8.774021367199593
6.56252260711528 8.788785197586805
6.547143617128603 8.803549027974015
6.531764627141924 8.818312858361226
6.516385637155246 8.833076688748436
6.501006647168568 8.847840519135648
6.485627657181889 8.86260434952286
6.470248667195212 8.87736817991007
6.454869677208533 8.892132010297281
6.439490687221856 8.906895840684491
6.424111697235177 8.921659671071703
6.408732707248499 8.936423501458913
6.393353717261821 8.951187331846125
6.377974727275142 8.965951162233337
6.362595737288465 8.980714992620547
6.347216747301786 8.995478823007758
6.331837757315109 9.010242653394968
6.31645876732843 9.02500648378218
6.298033272658676 9.032974265260993
6.2796077779889234 9.040942046739804
6.26118228331917 9.048909828218617
6.242756788649417 9.056877609697429
6.224331293979663 9.064845391176242
6.20590579930991 9.072813172655053
6.1874803046401565 9.080780954133866
6.169054809970403 9.088748735612677
6.15062931530065 9.09671651709149
6.132203820630896 9.104684298570302
6.113778325961143 9.112652080049115
6.09535283129139 9.120619861527926
6.076927336621637 9.128587643006739
6.058501841951883 9.13655542448555
6.040076347282129 9.144523205964363
6.021650852612376 9.152490987443175
6.003225357942623 9.160458768921988
5.98479986327287 9.168426550400799
5.966374368603116 9.176394331879612
5.947948873933363 9.184362113358423
5.9295233792636095 9.192329894837236
5.9102591707539816 9.201136390155924
5.890994962244353 9.20994288547461
5.871730753734725 9.218749380793298
5.852466545225096 9.227555876111985
5.833202336715468 9.236362371430673
5.813938128205839 9.24516886674936
5.794673919696211 9.253975362068047
5.775409711186582 9.262781857386734
5.756145502676954 9.271588352705422
5.7368812941673255 9.280394848024109
5.7176170856576976 9.289201343342796
5.698352877148069 9.298007838661484
5.679088668638441 9.30681433398017
5.659824460128812 9.315620829298858
5.640560251619184 9.324427324617545
5.621296043109555 9.333233819936233
5.602031834599927 9.34204031525492
5.582767626090298 9.350846810573607
5.56350341758067 9.359653305892294
5.545575909253343 9.368617060055959
5.527648400926015 9.377580814219622
5.509720892598688 9.386544568383286
5.49179338427136 9.39550832254695
5.473865875944033 9.404472076710613
5.455938367616705 9.413435830874278
5.438010859289378 9.42239958503794
5.4200833509620505 9.431363339201605
5.4021558426347225 9.44032709336527
5.384228334307395 9.449290847528932
5.366300825980067 9.458254601692596
5.34837331765274 9.46721835585626
5.330445809325412 9.476182110019923
5.312518300998085 9.485145864183588
5.304473906235822 9.505256851089245
5.29642951147356 9.5253678379949
5.288385116711297 9.545478824900556
5.2803407219490355 9.565589811806213
5.272296327186773 9.585700798711867
5.264251932424511 9.605811785617524
5.256207537662248 9.62592277252318
5.248163142899986 9.646033759428837
5.240118748137723 9.666144746334492
5.232074353375461 9.686255733240149
5.224029958613198 9.706366720145805
5.2159855638509365 9.72647770705146
5.207941169088674 9.746588693957117
5.19593416505463 9.763243570520467
5.183927161020587 9.779898447083818
5.171920156986543 9.796553323647169
5.1599131529525 9.81320820021052
5.147906148918456 9.82986307677387
5.135899144884412 9.846517953337221
5.123892140850369 9.86317282990057
5.111885136816325 9.87982770646392
5.099878132782282 9.896482583027272
5.0878711287482385 9.913137459590622
5.075864124714196 9.929792336153973
5.063857120680152 9.946447212717324
5.051850116646108 9.963102089280675
5.039843112612065 9.979756965844025
5.027836108578021 9.996411842407376
5.015829104543978 10.013066718970727
5.003822100509934 10.029721595534077
4.99181509647589 10.046376472097428
4.979808092441847 10.063031348660779
4.967801088407803 10.07968622522413
4.9557940843737605 10.096341101787479
4.943787080339717 10.11299597835083
4.931780076305673 10.12965085491418
4.91977307227163 10.146305731477531
4.907766068237586 10.162960608040882
4.895759064203543 10.179615484604232
4.883752060169499 10.196270361167583
4.867663270644974 10.209141392787203
4.8515744811204495 10.222012424406822
4.835485691595925 10.234883456026441
4.8193969020714 10.247754487646063
4.803308112546875 10.260625519265682
4.7872193230223505 10.273496550885302
4.771130533497825 10.286367582504921
4.7550417439733 10.29923861412454
4.738952954448775 10.31210964574416
4.722864164924251 10.324980677363781
4.706775375399726 10.3378517089834
4.690686585875201 10.35072274060302
4.674597796350676 10.36359377222264
4.663335643683509 10.381291440699616
4.652073491016342 10.398989109176595
4.640811338349175 10.416686777653572
4.6295491856820075 10.43438444613055
4.61828703301484 10.452082114607528
4.607024880347673 10.469779783084505
4.595762727680505 10.487477451561483
4.584500575013338 10.50517512003846
4.57323842234617 10.522872788515437
4.561976269679003 10.540570456992416
4.550714117011836 10.558268125469393
4.539451964344669 10.575965793946372
4.5281898116775015 10.593663462423349
4.5098095884934235 10.601902872816211
4.491429365309345 10.610142283209074
4.473049142125267 10.618381693601936
4.454668918941188 10.626621103994799
4.43628869575711 10.634860514387661
4.417908472573031 10.643099924780524
4.399528249388953 10.651339335173386
4.381148026204875 10.659578745566249
4.362767803020796 10.667818155959113
4.344387579836718 10.676057566351975
4.32600735665264 10.684296976744838
4.307627133468562 10.6925363871377
4.289246910284483 10.700775797530563
4.270866687100405 10.709015207923425
4.252486463916327 10.717254618316288
4.234106240732248 10.72549402870915
4.21572601754817 10.733733439102012
4.197345794364091 10.741972849494875
4.178965571180013 10.750212259887737
4.160585347995935 10.7584516702806
4.1422051248118565 10.766691080673462
4.123824901627779 10.774930491066325
4.1054446784437 10.783169901459187
4.087064455259622 10.79140931185205
4.068684232075543 10.799648722244914
4.050304008891465 10.807888132637776
4.031923785707386 10.816127543030639
4.013543562523308 10.824366953423501
3.99516333933923 10.832606363816364
3.9767831161551515 10.840845774209226
3.9584028929710735 10.849085184602089
3.940022669786995 10.857324594994951
3.9216424466029167 10.865564005387814
3.924900628602104 10.886059021189155
3.928158810601292 10.906554036990498
3.9314169926004796 10.927049052791839
3.9346751745996675 10.947544068593182
3.937933356598855 10.968039084394523
3.941191538598043 10.988534100195865
3.9444497205972304 11.009029115997206
3.9477079025964184 11.02952413179855
3.950966084595606 11.05001914759989
3.9542242665947933 11.070514163401233
3.9574824485939812 11.091009179202574
3.9607406305931687 11.111504195003917
3.9639988125923566 11.131999210805258
3.967256994591544 11.152494226606601
3.970515176590732 11.172989242407942
3.9737733585899195 11.193484258209283
3.977031540589107 11.213979274010626
3.980289722588295 11.234474289811967
3.9835479045874824 11.25496930561331
3.9868060865866704 11.27546432141465
3.990064268585858 11.295959337215994
3.9933224505850458 11.316454353017335
3.9965806325842332 11.336949368818678
3.9998388145834207 11.357444384620019
4.003096996582609 11.377939400421361
4.006355178581797 11.398434416222702
4.009613360580984 11.418929432024045
4.0128715425801715 11.439424447825386
4.0161297245793595 11.45991946362673
4.019387906578547 11.48041447942807
4.022646088577734 11.500909495229411
4.025904270576922 11.521404511030754
4.02916245257611 11.541899526832095
4.032420634575297 11.562394542633438
4.035678816574485 11.582889558434779
4.038936998573673 11.603384574236122
4.042195180572861 11.623879590037463
4.045453362572048 11.644374605838806
4.048711544571236 11.664869621640147
4.051969726570424 11.68536463744149
4.055227908569611 11.70585965324283
4.058486090568799 11.726354669044174
4.061744272567987 11.746849684845515
4.065002454567175 11.767344700646857
4.068260636566362 11.787839716448199
4.07151881856555 11.808334732249541
4.074777000564738 11.828829748050882
4.078035182563925 11.849324763852223
4.081293364563113 11.869819779653566
4.084551546562301 11.890314795454907
4.0878097285614885 11.91080981125625
4.0910679105606755 11.931304827057591
4.0943260925598635 11.951799842858934
4.097584274559051 11.972294858660275
4.100842456558239 11.992789874461618
4.104100638557426 12.013284890262959
4.107358820556614 12.033779906064302
4.110617002555802 12.054274921865643
4.113875184554989 12.074769937666986
4.117133366554177 12.095264953468327
4.120391548553365 12.115759969269668
4.123649730552553 12.13625498507101
4.12690791255174 12.156750000872352
4.130166094550928 12.177245016673695
4.133424276550116 12.197740032475036
4.136682458549303 12.218235048276378
4.139940640548491 12.23873006407772
4.143198822547679 12.259225079879062
4.146457004546867 12.279720095680403
4.149715186546054 12.300215111481746
4.152973368545242 12.320710127283087
4.15623155054443 12.34120514308443
4.159489732543617 12.361700158885771
4.162747914542805 12.382195174687112
4.1660060965419925 12.402690190488455
4.16926427854118 12.423185206289798
4.1725224605403675 12.443680222091139
4.175780642539555 12.46417523789248
4.179038824538743 12.484670253693823
4.182297006537931 12.505165269495164
4.185555188537118 12.525660285296507
4.188813370536306 12.546155301097848
4.192071552535494 12.56665031689919
4.195329734534681 12.587145332700532
4.198587916533869 12.607640348501874
4.201846098533057 12.628135364303215
4.205104280532245 12.648630380104558
4.208362462531432 12.6691253959059
4.21162064453062 12.689620411707242
4.214878826529808 12.710115427508583
4.218137008528995 12.730610443309924
4.221395190528183 12.751105459111267
4.224653372527371 12.771600474912608
4.227911554526559 12.792095490713951
4.231169736525746 12.812590506515292
4.234427918524934 12.833085522316635
4.2376861005241215 12.853580538117976
4.240944282523309 12.874075553919319
4.2442024645224965 12.89457056972066
4.247460646521684 12.915065585522003
4.250718828520872 12.935560601323344
4.253977010520059 12.956055617124687
4.257235192519247 12.976550632926028
4.260493374518435 12.997045648727369
4.263751556517622 13.017540664528712
4.26700973851681 13.038035680330054
4.270267920515998 13.058530696131395
4.273526102515186 13.079025711932736
4.276784284514373 13.09952072773408
4.280042466513561 13.12001574353542
4.283300648512749 13.140510759336763
4.286558830511936 13.161005775138104
4.289817012511124 13.181500790939447
4.293075194510312 13.201995806740788
4.2963333765095 13.222490822542131
4.299591558508687 13.242985838343472
4.302849740507875 13.263480854144813
4.306107922507063 13.283975869946156
4.30936610450625 13.304470885747499
4.312624286505438 13.32496590154884
4.3158824685046255 13.34546091735018
4.3191406505038135 13.365955933151524
4.3223988325030005 13.386450948952866
4.325657014502188 13.406945964754208
4.328915196501376 13.427440980555549
4.332173378500564 13.447935996356891
4.335431560499751 13.468431012158232
4.338689742498939 13.488926027959575
4.341947924498127 13.509421043760916
4.345206106497314 13.52991605956226
4.348464288496502 13.5504110753636
4.35172247049569 13.570906091164943
4.354980652494878 13.591401106966284
4.358238834494065 13.611896122767625
4.361497016493253 13.632391138568968
4.364755198492441 13.65288615437031
4.368013380491629 13.673381170171652
4.371271562490816 13.693876185972993
4.374529744490004 13.714371201774336
4.377787926489192 13.734866217575677
4.381046108488379 13.75536123337702
4.384304290487567 13.77585624917836
4.387562472486755 13.796351264979704
4.3908206544859425 13.816846280781045
4.3940788364851295 13.837341296582387
4.3973370184843175 13.857836312383728
4.400595200483505 13.87833132818507
4.403853382482692 13.898826343986412
4.40711156448188 13.919321359787755
4.410369746481068 13.939816375589096
4.413627928480256 13.960311391390437
4.416886110479443 13.98080640719178
4.420144292478631 14.001301422993123
4.423402474477819 14.021796438794464
4.426660656477006 14.042291454595805
4.429918838476194 14.062786470397148
4.433177020475382 14.083281486198489
4.43643520247457 14.103776501999832
4.439693384473757 14.124271517801173
4.442951566472945 14.144766533602516
4.446209748472133 14.165261549403857
4.44946793047132 14.1857565652052
4.452726112470508 14.20625158100654
4.455984294469696 14.226746596807882
4.459242476468884 14.247241612609225
4.462500658468071 14.267736628410567
4.465758840467259 14.288231644211908
4.4690170224664465 14.30872666001325
4.4722752044656335 14.329221675814592
4.4755333864648215 14.349716691615933
4.478791568464009 14.370211707417276
4.482049750463197 14.390706723218617
4.485307932462384 14.41120173901996
4.488566114461572 14.431696754821301
4.49182429646076 14.452191770622644
4.495082478459947 14.472686786423985
4.498340660459135 14.493181802225326
4.501598842458323 14.513676818026669
4.504857024457511 14.534171833828012
4.508115206456698 14.554666849629353
4.511373388455886 14.575161865430694
4.514631570455074 14.595656881232037
4.517889752454261 14.61615189703338
4.521147934453449 14.63664691283472
4.524406116452637 14.657141928636062
4.527664298451825 14.677636944437404
4.530922480451012 14.698131960238745
4.5341806624502 14.718626976040088
4.537438844449388 14.73912199184143
4.540697026448575 14.759617007642772
4.543955208447763 14.780112023444113
4.5472133904469505 14.800607039245456
4.550471572446138 14.821102055046797
4.553729754445326 14.841597070848138
4.556987936444513 14.862092086649481
4.560246118443701 14.882587102450824
4.563504300442889 14.903082118252165
4.566762482442076 14.923577134053506
4.570020664441264 14.944072149854849
4.583615691589488 14.957667177003072
4.597210718737712 14.971262204151296
4.610805745885934 14.984857231299518
4.624400773034158 14.998452258447742
4.637995800182382 15.012047285595965
4.6515908273306055 15.02564231274419
4.665185854478829 15.039237339892413
4.678780881627052 15.052832367040635
4.692375908775276 15.066427394188858
4.705970935923499 15.080022421337082
4.708585364221235 15.100937847718964
4.71119979251897 15.121853274100847
4.7138142208167055 15.14276870048273
4.71642864911444 15.163684126864611
4.719043077412175 15.184599553246493
4.721657505709911 15.205514979628376
4.724271934007646 15.226430406010259
4.726886362305382 15.24734583239214
4.729500790603117 15.268261258774022
4.732115218900852 15.289176685155905
4.734729647198587 15.310092111537788
4.737344075496322 15.33100753791967
4.739958503794058 15.35192296430155
4.742572932091793 15.372838390683434
4.7451873603895285 15.393753817065317
4.747801788687264 15.414669243447198
4.750416216984999 15.43558466982908
4.753030645282734 15.456500096210963
4.755645073580469 15.477415522592846
4.758259501878205 15.498330948974727
4.76087393017594 15.519246375356609
4.763488358473675 15.540161801738492
4.766102786771411 15.561077228120375
4.768717215069146 15.581992654502256
4.771331643366881 15.602908080884138
4.773946071664616 15.623823507266021
4.776560499962351 15.644738933647904
4.779174928260087 15.665654360029786
4.776187010205533 15.686569786411667
4.7731990921509775 15.70748521279355
4.770211174096423 15.728400639175431
4.767223256041869 15.749316065557315
4.764235337987315 15.770231491939196
4.76124741993276 15.791146918321079
4.7582595018782055 15.81206234470296
4.773946071664617 15.819905629596166
4.789632641451028 15.827748914489373
4.805319211237441 15.835592199382578
4.821005781023852 15.843435484275783
4.832957453242071 15.827001934975733
4.844909125460289 15.810568385675682
4.856860797678507 15.794134836375632
4.868812469896726 15.777701287075582
4.880764142114945 15.761267737775531
4.892715814333163 15.74483418847548
4.904667486551381 15.72840063917543
4.903173527524104 15.707485212793548
4.901679568496827 15.686569786411665
4.900185609469549 15.665654360029784
4.898691650442272 15.6447389336479
4.897197691414995 15.62382350726602
4.895703732387718 15.602908080884136
4.89420977336044 15.581992654502255
4.892715814333163 15.561077228120373
4.8912218553058855 15.54016180173849
4.889727896278608 15.519246375356609
4.88823393725133 15.498330948974726
4.886739978224053 15.477415522592844
4.885246019196776 15.456500096210961
4.883752060169499 15.43558466982908
4.882258101142221 15.414669243447198
4.880764142114944 15.393753817065315
4.879270183087667 15.372838390683434
4.87777622406039 15.35192296430155
4.876282265033112 15.33100753791967
4.874788306005835 15.310092111537786
4.8732943469785575 15.289176685155905
4.8751957493769105 15.268261258774023
4.8770971517752635 15.24734583239214
4.8789985541736165 15.226430406010259
4.8808999565719695 15.205514979628376
4.8828013589703225 15.184599553246494
4.8847027613686755 15.163684126864611
4.8866041637670286 15.14276870048273
4.888505566165382 15.121853274100847
4.890406968563735 15.100937847718965
4.892308370962088 15.080022421337082
4.894209773360441 15.0591069949552
4.902426548010466 15.039685527600597
4.910643322660491 15.02026406024599
4.918860097310516 15.000842592891386
4.927076871960541 14.98142112553678
4.935293646610566 14.961999658182176
4.943510421260591 14.94257819082757
4.951727195910617 14.923156723472966
4.959943970560642 14.903735256118361
4.968160745210667 14.884313788763755
4.976377519860692 14.864892321409151
4.984594294510717 14.845470854054545
4.992811069160742 14.82604938669994
5.001027843810767 14.806627919345335
5.009244618460792 14.78720645199073
5.016064866194014 14.768109758337708
5.022885113927237 14.749013064684684
5.029705361660459 14.729916371031662
5.036525609393681 14.71081967737864
5.043345857126904 14.691722983725615
5.050166104860127 14.672626290072593
5.056986352593349 14.65352959641957
5.063806600326572 14.634432902766548
5.070626848059794 14.615336209113524
5.0774470957930165 14.596239515460502
5.084267343526239 14.57714282180748
5.091087591259462 14.558046128154455
5.097907838992684 14.538949434501433
5.104728086725907 14.51985274084841
5.111548334459129 14.500756047195386
5.1183685821923515 14.481659353542364
5.125188829925574 14.462562659889342
5.132009077658797 14.443465966236317
5.138829325392019 14.424369272583295
5.145649573125242 14.405272578930273
5.152469820858464 14.38617588527725
5.1592900685916865 14.367079191624226
5.166110316324909 14.347982497971204
5.16284228095274 14.327720678663756
5.159574245580571 14.307458859356306
5.156306210208402 14.287197040048857
5.153038174836232 14.26693522074141
5.149770139464064 14.246673401433961
5.146502104091894 14.226411582126513
5.143234068719725 14.206149762819063
5.139966033347555 14.185887943511615
5.136697997975387 14.165626124204167
5.133429962603217 14.145364304896717
5.130161927231048 14.125102485589268
5.126893891858879 14.10484066628182
5.12362585648671 14.084578846974372
5.12035782111454 14.064317027666924
5.117089785742372 14.044055208359474
5.113821750370202 14.023793389052026
5.111788306138631 14.003168454703225
5.109754861907058 13.982543520354424
5.107721417675487 13.961918586005625
5.1056879734439145 13.941293651656824
5.103654529212343 13.920668717308024
5.101621084980771 13.900043782959223
5.099587640749199 13.879418848610424
5.097554196517628 13.858793914261623
5.095520752286055 13.838168979912822
5.093487308054484 13.817544045564022
5.091453863822911 13.796919111215221
5.08942041959134 13.776294176866422
5.0873869753597685 13.755669242517621
5.085353531128196 13.73504430816882
5.083320086896625 13.71441937382002
5.081286642665052 13.69379443947122
5.079253198433481 13.67316950512242
5.077219754201909 13.65254457077362
5.075186309970337 13.631919636424819
5.0731528657387654 13.611294702076018
5.071119421507193 13.590669767727219
5.069085977275622 13.570044833378418
5.067052533044049 13.549419899029617
5.065019088812478 13.528794964680817
5.062985644580906 13.508170030332018
5.060952200349334 13.487545095983217
5.058918756117762 13.466920161634416
5.05688531188619 13.446295227285615
5.054851867654619 13.425670292936815
5.052818423423047 13.405045358588016
5.050784979191475 13.384420424239215
5.048751534959903 13.363795489890414
5.046718090728331 13.343170555541613
5.044684646496759 13.322545621192814
5.042651202265187 13.301920686844014
5.040617758033616 13.281295752495213
5.037865728246525 13.26038032611333
5.035113698459436 13.239464899731448
5.032361668672346 13.218549473349565
5.0296096388852565 13.197634046967684
5.026857609098166 13.1767186205858
5.024105579311077 13.15580319420392
5.021353549523987 13.134887767822036
5.018601519736897 13.113972341440153
5.015849489949807 13.093056915058272
5.013097460162718 13.072141488676388
5.010345430375628 13.051226062294507
5.007593400588538 13.030310635912624
5.004841370801448 13.00939520953074
5.002089341014359 12.98847978314886
4.9993373112272685 12.967564356766976
4.996585281440179 12.946648930385095
4.993833251653089 12.925733504003212
4.991081221866 12.90481807762133
4.9883291920789095 12.883902651239447
4.983502555221552 12.86379166433379
4.978675918364194 12.843680677428136
4.973849281506837 12.82356969052248
4.969022644649479 12.803458703616823
4.964196007792123 12.783347716711168
4.959369370934765 12.763236729805511
4.954542734077408 12.743125742899855
4.94971609722005 12.7230147559942
4.944889460362693 12.702903769088543
4.940062823505335 12.682792782182887
4.935236186647978 12.662681795277232
4.93040954979062 12.642570808371575
4.925582912933264 12.62245982146592
4.920756276075906 12.602348834560264
4.9159296392185485 12.582237847654607
4.911103002361191 12.562126860748952
4.9062763655038335 12.542015873843296
4.901449728646476 12.521904886937639
4.8966230917891185 12.501793900031984
4.891796454931761 12.481682913126328
4.8869698180744034 12.461571926220671
4.882143181217047 12.441460939315016
4.877316544359689 12.42134995240936
4.872489907502332 12.401238965503703
4.867663270644974 12.381127978598048
4.862836633787617 12.361016991692392
4.850727702724422 12.343954407012435
4.838618771661227 12.32689182233248
4.826509840598032 12.309829237652522
4.814400909534837 12.292766652972565
4.802291978471642 12.27570406829261
4.790183047408447 12.258641483612653
4.778074116345252 12.241578898932698
4.765965185282057 12.22451631425274
4.753856254218862 12.207453729572784
4.741747323155668 12.190391144892828
4.729638392092473 12.173328560212871
4.717529461029278 12.156265975532914
4.705420529966083 12.139203390852959
4.693311598902888 12.122140806173002
4.681202667839693 12.105078221493047
4.669093736776498 12.08801563681309
4.656984805713303 12.070953052133133
4.644875874650108 12.053890467453177
4.632766943586913 12.03682788277322
4.625061260183061 12.017563674263592
4.61735557677921 11.998299465753963
4.609649893375359 11.979035257244336
4.601944209971507 11.959771048734707
4.594238526567656 11.940506840225078
4.586532843163805 11.92124263171545
4.578827159759953 11.90197842320582
4.571121476356102 11.882714214696193
4.5634157929522505 11.863450006186564
4.555710109548399 11.844185797676936
4.548004426144548 11.824921589167307
4.5402987427406964 11.80565738065768
4.532593059336845 11.78639317214805
4.524887375932994 11.767128963638422
4.517181692529142 11.747864755128793
4.509476009125291 11.728600546619164
4.50177032572144 11.709336338109537
4.494064642317588 11.690072129599908
4.486358958913737 11.67080792109028
4.4854874828144915 11.650328232758019
4.484616006715247 11.62984854442576
4.4837445306160015 11.6093688560935
4.482873054516757 11.588889167761241
4.482001578417512 11.568409479428981
4.481130102318266 11.547929791096722
4.480258626219022 11.527450102764462
4.479387150119776 11.506970414432203
4.478515674020531 11.486490726099943
4.477644197921286 11.466011037767684
4.476772721822041 11.445531349435424
4.475901245722795 11.425051661103165
4.475029769623551 11.404571972770905
4.474158293524305 11.384092284438644
4.473286817425061 11.363612596106385
4.472415341325815 11.343132907774125
4.47154386522657 11.322653219441866
4.4706723891273255 11.302173531109606
4.46980091302808 11.281693842777347
4.4689294369288355 11.261214154445087
4.46805796082959 11.240734466112828
4.467186484730345 11.220254777780568
4.4663150086311 11.199775089448309
4.465443532531855 11.179295401116049
4.473286817425061 11.160994403031902
4.481130102318266 11.142693404947755
4.488973387211472 11.124392406863608
4.4968166721046785 11.10609140877946
4.504659956997884 11.087790410695312
4.51250324189109 11.069489412611166
4.520346526784295 11.051188414527019
4.5281898116775015 11.032887416442872
4.536033096570708 11.014586418358725
4.543876381463913 10.996285420274578
4.551719666357119 10.977984422190431
4.559562951250324 10.959683424106284
4.567406236143531 10.941382426022136
4.575249521036737 10.923081427937989
4.583092805929942 10.904780429853842
4.590936090823148 10.886479431769695
4.591740530299375 10.864759565911587
4.5925449697756004 10.84303970005348
4.593349409251827 10.821319834195371
4.594153848728053 10.799599968337262
4.594958288204279 10.777880102479154
4.595762727680505 10.756160236621046
4.596567167156731 10.734440370762938
4.597371606632957 10.71272050490483
4.598176046109184 10.691000639046722
4.598980485585409 10.669280773188612
4.599784925061636 10.647560907330504
4.6005893645378615 10.625841041472396
4.601393804014088 10.604121175614289
4.610980041105784 10.585820177530142
4.62056627819748 10.567519179445995
4.630152515289176 10.549218181361848
4.639738752380872 10.530917183277701
4.649324989472568 10.512616185193554
4.658911226564264 10.494315187109407
4.66849746365596 10.476014189025259
4.678083700747656 10.457713190941112
4.6876699378393525 10.439412192856965
4.697256174931048 10.421111194772818
4.706842412022744 10.402810196688671
4.71642864911444 10.384509198604524
4.734729647198587 10.374051485413583
4.753030645282735 10.363593772222643
4.7713316433668815 10.353136059031701
4.789632641451028 10.34267834584076
4.807933639535176 10.332220632649818
4.826234637619323 10.321762919458877
4.844535635703471 10.311305206267937
4.862836633787618 10.300847493076995
4.882258101142223 10.302341452104272
4.901679568496827 10.30383541113155
4.921101035851432 10.305329370158827
4.9405225032060365 10.306823329186104
4.959943970560642 10.308317288213381
4.979365437915246 10.309811247240658
4.998786905269851 10.311305206267935
5.017441204475314 10.302825979356362
5.036095503680776 10.294346752444788
5.0547498028862385 10.285867525533213
5.073404102091701 10.27738829862164
5.092058401297164 10.268909071710066
5.110712700502626 10.260429844798493
5.129366999708089 10.251950617886918
5.148021298913552 10.243471390975344
5.166675598119014 10.23499216406377
5.185329897324476 10.226512937152197
5.203984196529939 10.218033710240622
5.222638495735401 10.209554483329049
5.241292794940864 10.201075256417475
5.259947094146327 10.192596029505902
5.2786013933517895 10.184116802594327
5.297255692557251 10.175637575682753
5.315909991762714 10.16715834877118
5.334564290968177 10.158679121859606
5.353218590173639 10.150199894948031
5.371872889379102 10.141720668036458
5.3905271885845645 10.133241441124884
5.409181487790027 10.12476221421331
5.427835786995489 10.116282987301735
5.446490086200952 10.107803760390162
5.465144385406415 10.099324533478589
5.483798684611877 10.090845306567015
5.5024529838173395 10.08236607965544
5.521107283022802 10.073886852743867
5.539761582228264 10.065407625832293
5.558415881433727 10.05692839892072
5.57707018063919 10.048449172009144
5.595724479844652 10.039969945097571
5.6143787790501145 10.031490718185998
5.633033078255577 10.023011491274424
5.65168737746104 10.014532264362849
5.670341676666502 10.006053037451276
5.688995975871965 9.997573810539702
5.709436051654259 9.99282030454382
5.729876127436553 9.988066798547937
5.750316203218847 9.983313292552054
5.770756279001141 9.978559786556174
5.791196354783435 9.973806280560291
5.811636430565728 9.969052774564409
5.832076506348022 9.964299268568526
5.852516582130316 9.959545762572644
5.87295665791261 9.954792256576761
5.893396733694904 9.950038750580878
5.913836809477198 9.945285244584998
5.934276885259492 9.940531738589115
5.954716961041786 9.935778232593233
5.97515703682408 9.93102472659735
5.995597112606374 9.926271220601468
6.016037188388668 9.921517714605585
6.036477264170962 9.916764208609703
6.056917339953255 9.91201070261382
6.077357415735549 9.90725719661794
6.097797491517843 9.902503690622057
6.118237567300137 9.897750184626174
6.138677643082431 9.892996678630292
6.1595930694643135 9.897478555712123
6.180508495846196 9.901960432793954
6.201423922228078 9.906442309875786
6.22233934860996 9.910924186957619
6.243254774991843 9.91540606403945
6.264170201373725 9.919887941121281
6.285085627755607 9.924369818203113
6.299591487988203 9.939100575493578
6.314097348220798 9.953831332784043
6.328603208453394 9.96856209007451
6.34310906868599 9.983292847364975
6.3576149289185855 9.99802360465544
6.3721207891511815 10.012754361945905
6.3866266493837776 10.02748511923637
6.401132509616373 10.042215876526836
6.415638369848969 10.056946633817303
6.430144230081565 10.071677391107768
6.44465009031416 10.086408148398233
6.459155950546756 10.101138905688698
6.473661810779352 10.115869662979163
6.488167671011947 10.13060042026963
6.502673531244543 10.145331177560095
6.517179391477139 10.16006193485056
6.531685251709734 10.174792692141025
6.54619111194233 10.18952344943149
6.560696972174926 10.204254206721956
6.575202832407522 10.218984964012423
6.589708692640118 10.233715721302888
6.604214552872714 10.248446478593353
6.618720413105309 10.263177235883818
6.633226273337905 10.277907993174283
6.647732133570501 10.29263875046475
6.662237993803096 10.307369507755215
6.676743854035692 10.32210026504568
6.691249714268288 10.336831022336145
6.705755574500883 10.35156177962661
6.720261434733479 10.366292536917076
6.734767294966075 10.381023294207543
6.74927315519867 10.395754051498008
6.7637790154312665 10.410484808788473
6.7782848756638625 10.425215566078938
6.792790735896458 10.439946323369403
6.807296596129054 10.45467708065987
6.82180245636165 10.469407837950335
6.836308316594245 10.4841385952408
6.850814176826841 10.498869352531266
6.865320037059437 10.51360010982173
6.879825897292032 10.528330867112196
6.894331757524628 10.543061624402663
6.908837617757224 10.557792381693128
6.923343477989819 10.572523138983593
6.937849338222415 10.587253896274058
6.952355198455011 10.601984653564523
6.9668610586876065 10.61671541085499
6.981366918920203 10.631446168145455
6.995872779152799 10.64617692543592
7.010378639385394 10.660907682726386
7.02488449961799 10.67563844001685
7.039390359850586 10.690369197307316
7.053896220083181 10.705099954597783
7.068402080315777 10.719830711888248
7.082907940548373 10.734561469178713
7.097413800780968 10.749292226469178
7.111919661013564 10.764022983759643
7.12642552124616 10.77875374105011
7.140931381478755 10.793484498340575
7.155437241711351 10.80821525563104
7.1699431019439475 10.822946012921506
7.184448962176543 10.83767677021197
7.198954822409139 10.852407527502436
7.213460682641735 10.867138284792903
7.22796654287433 10.881869042083368
7.242472403106926 10.896599799373833
7.256978263339522 10.911330556664298
7.271484123572117 10.926061313954763
7.285989983804713 10.94079207124523
7.300495844037309 10.955522828535695
7.315001704269904 10.97025358582616
7.3295075645025 10.984984343116626
7.344013424735095 10.99971510040709
7.3585192849676915 11.014445857697556
7.3730251452002875 11.029176614988023
7.3875310054328835 11.043907372278488
7.402036865665479 11.058638129568953
7.416542725898075 11.073368886859418
7.43104858613067 11.088099644149883
7.445554446363266 11.10283040144035
7.460060306595862 11.117561158730815
7.474566166828458 11.13229191602128
7.489072027061053 11.147022673311746
7.503577887293649 11.16175343060221
7.518083747526244 11.176484187892676
7.53258960775884 11.191214945183143
7.547095467991436 11.205945702473608
7.561601328224032 11.220676459764073
7.576107188456628 11.235407217054538
7.590613048689224 11.250137974345003
7.605118908921819 11.26486873163547
7.619624769154415 11.279599488925935
7.634130629387011 11.2943302462164
7.64010646549612 11.313751713571005
7.6460823016052295 11.33317318092561
7.652058137714339 11.352594648280215
7.658033973823448 11.37201611563482
7.6640098099325575 11.391437582989424
7.669985646041667 11.41085905034403
7.675961482150776 11.430280517698634
7.686419195341717 11.448168711314718
7.6968769085326585 11.4660569049308
7.707334621723599 11.483945098546885
7.717792334914541 11.501833292162967
7.728250048105481 11.519721485779051
7.738707761296423 11.537609679395135
7.749165474487364 11.555497873011218
7.759623187678305 11.573386066627302
7.770080900869246 11.591274260243384
7.780538614060187 11.609162453859469
7.790996327251128 11.627050647475553
7.801454040442069 11.644938841091635
7.8119117536330105 11.66282703470772
7.822369466823951 11.680715228323802
7.832827180014893 11.698603421939886
7.843284893205833 11.71649161555597
7.853742606396775 11.734379809172053
7.864200319587716 11.752268002788137
7.874658032778656 11.77015619640422
7.885115745969598 11.788044390020303
7.895573459160539 11.805932583636388
7.90603117235148 11.82382077725247
7.916488885542421 11.841708970868554
7.9269465987333625 11.859597164484638
7.937404311924303 11.87748535810072
7.947862025115245 11.895373551716805
7.958319738306185 11.913261745332887
7.968777451497127 11.931149938948971
7.979235164688068 11.949038132565056
7.989692877879008 11.966926326181138
8.00015059106995 11.984814519797222
8.010608304260892 12.002702713413305
8.021066017451831 12.020590907029389
8.031523730642773 12.038479100645473
8.041981443833714 12.056367294261555
8.052439157024656 12.07425548787764
8.062896870215596 12.092143681493722
8.073354583406537 12.110031875109806
8.080009491800773 12.129045899093336
8.086664400195009 12.148059923076865
8.093319308589242 12.167073947060395
8.099974216983478 12.186087971043923
8.106629125377713 12.205101995027453
8.113284033771949 12.224116019010982
8.119938942166185 12.243130042994512
8.12659385056042 12.26214406697804
8.133248758954654 12.28115809096157
8.13990366734889 12.300172114945099
8.146558575743125 12.319186138928629
8.155407409981613 12.337688246881832
8.164256244220102 12.356190354835036
8.17310507845859 12.37469246278824
8.181953912697079 12.393194570741443
8.190802746935569 12.411696678694646
8.199651581174058 12.43019878664785
8.208500415412546 12.448700894601053
8.217349249651035 12.467203002554257
8.226198083889523 12.48570511050746
8.235046918128011 12.504207218460664
8.2438957523665 12.522709326413867
8.252744586604988 12.54121143436707
8.261593420843479 12.559713542320274
8.270442255081967 12.578215650273476
8.279291089320456 12.59671775822668
8.288139923558944 12.615219866179883
8.296988757797433 12.633721974133087
8.305837592035921 12.65222408208629
8.31468642627441 12.670726190039494
8.323535260512898 12.689228297992697
8.332384094751387 12.7077304059459
8.341232928989877 12.726232513899104
8.350081763228365 12.744734621852308
8.358930597466854 12.763236729805511
8.367779431705342 12.781738837758715
8.37662826594383 12.800240945711918
8.36441217619866 12.817084342178743
8.35219608645349 12.833927738645569
8.33997999670832 12.850771135112394
8.32776390696315 12.86761453157922
8.315547817217979 12.884457928046047
8.30333172747281 12.901301324512872
8.29111563772764 12.918144720979697
8.27889954798247 12.934988117446522
8.2666834582373 12.951831513913348
8.25446736849213 12.968674910380173
8.24225127874696 12.985518306846998
8.23003518900179 13.002361703313824
8.21781909925662 13.019205099780649
8.20560300951145 13.036048496247474
8.193386919766278 13.052891892714301
8.181170830021108 13.069735289181127
8.168954740275938 13.086578685647952
8.156738650530768 13.103422082114777
8.144522560785598 13.120265478581603
8.132306471040428 13.137108875048428
8.120090381295258 13.153952271515253
8.107874291550088 13.170795667982079
8.095658201804918 13.187639064448904
8.083442112059748 13.204482460915731
8.071226022314576 13.221325857382556
8.059009932569406 13.238169253849382
8.046793842824236 13.255012650316207
8.034577753079066 13.271856046783032
8.022361663333896 13.288699443249858
8.010145573588726 13.305542839716683
7.997929483843556 13.322386236183508
7.985713394098386 13.339229632650333
7.973497304353216 13.356073029117159
7.961281214608046 13.372916425583986
7.949065124862876 13.389759822050811
7.936849035117706 13.406603218517636
7.924632945372535 13.423446614984462
7.912416855627365 13.440290011451287
7.900200765882195 13.457133407918112
7.887984676137025 13.473976804384938
7.875768586391855 13.490820200851763
7.863552496646685 13.507663597318588
7.851336406901514 13.524506993785415
7.839120317156344 13.54135039025224
7.826904227411174 13.558193786719066
7.814688137666004 13.575037183185891
7.802472047920833 13.591880579652717
7.790255958175663 13.608723976119542
7.778039868430493 13.625567372586367
7.7658237786853235 13.642410769053193
7.7536076889401535 13.659254165520018
7.7413915991949835 13.676097561986843
7.729175509449813 13.69294095845367
7.716959419704643 13.709784354920496
7.704743329959473 13.726627751387321
7.692527240214303 13.743471147854146
7.680311150469132 13.760314544320972
7.668095060723962 13.777157940787797
7.655878970978792 13.794001337254622
7.643662881233622 13.810844733721447
7.631446791488452 13.827688130188273
7.619230701743281 13.8445315266551
7.607014611998111 13.861374923121925
7.594798522252941 13.87821831958875
7.582582432507771 13.895061716055576
7.570366342762601 13.911905112522401
7.5581502530174305 13.928748508989226
7.5459341632722605 13.945591905456052
7.5337180735270906 13.962435301922877
7.521501983781921 13.979278698389702
7.509285894036751 13.996122094856528
7.49706980429158 14.012965491323355
7.48485371454641 14.02980888779018
7.47263762480124 14.046652284257005
7.46042153505607 14.06349568072383
7.448205445310899 14.080339077190656
7.435989355565729 14.097182473657481
7.423773265820559 14.114025870124307
7.411557176075389 14.130869266591132
7.399341086330219 14.147712663057959
7.387124996585049 14.164556059524784
7.374908906839878 14.18139945599161
7.362692817094708 14.198242852458435
7.350476727349538 14.21508624892526
7.338260637604368 14.231929645392086
7.326044547859198 14.248773041858911
7.313828458114028 14.265616438325736
7.301612368368858 14.282459834792562
7.289396278623688 14.299303231259387
7.277180188878518 14.316146627726212
7.264964099133348 14.33299002419304
7.252748009388177 14.349833420659865
7.240531919643007 14.36667681712669
7.228315829897837 14.383520213593515
7.216099740152667 14.40036361006034
7.203883650407496 14.417207006527166
7.191667560662326 14.434050402993991
7.179451470917156 14.450893799460816
7.167235381171986 14.467737195927644
7.155019291426816 14.484580592394469
7.142803201681646 14.501423988861294
7.130587111936475 14.51826738532812
7.1183710221913055 14.535110781794945
7.1061549324461355 14.55195417826177
7.0939388427009655 14.568797574728595
7.081722752955795 14.58564097119542
7.069506663210625 14.602484367662246
7.057290573465455 14.619327764129071
7.045074483720285 14.636171160595897
7.032858393975115 14.653014557062724
7.020642304229945 14.669857953529549
7.008426214484774 14.686701349996374
6.996210124739604 14.7035447464632
6.980326239609967 14.71656755911607
6.96444235448033 14.72959037176894
6.948558469350693 14.74261318442181
6.932674584221056 14.75563599707468
6.916790699091419 14.76865880972755
6.900906813961782 14.78168162238042
6.885022928832146 14.79470443503329
6.869139043702508 14.807727247686161
6.853255158572871 14.82075006033903
6.837371273443234 14.8337728729919
6.821487388313598 14.846795685644771
6.80560350318396 14.85981849829764
6.789719618054323 14.87284131095051
6.773835732924686 14.885864123603382
6.7579518477950495 14.89888693625625
6.742067962665413 14.911909748909121
6.726184077535775 14.924932561561992
6.710300192406138 14.93795537421486
6.6944163072765015 14.950978186867731
6.678532422146865 14.964000999520602
6.662648537017228 14.97702381217347
6.64676465188759 14.990046624826341
6.6308807667579535 15.003069437479212
6.614996881628317 15.016092250132083
6.59911299649868 15.029115062784951
6.583229111369043 15.042137875437822
6.567345226239405 15.055160688090693
6.551461341109769 15.068183500743562
6.535577455980132 15.081206313396432
6.519693570850495 15.094229126049303
6.503809685720858 15.107251938702172
6.487925800591221 15.120274751355042
6.472041915461584 15.133297564007913
6.456158030331947 15.146320376660782
6.44027414520231 15.159343189313653
6.424390260072673 15.172366001966523
6.408506374943036 15.185388814619392
6.392622489813399 15.198411627272263
6.376738604683762 15.211434439925133
6.360854719554125 15.224457252578004
6.344970834424489 15.237480065230873
6.329086949294851 15.250502877883743
6.313203064165214 15.263525690536614
6.297319179035577 15.276548503189483
6.281435293905941 15.289571315842354
6.265551408776304 15.302594128495224
6.249667523646666 15.315616941148093
6.233783638517029 15.328639753800964
6.2178997533873925 15.341662566453834
6.202015868257756 15.354685379106703
6.186131983128119 15.367708191759574
6.170248097998481 15.380731004412445
6.1543642128688445 15.393753817065313
6.138480327739208 15.406776629718184
6.122596442609571 15.419799442371055
6.106712557479933 15.432822255023925
6.0908286723502965 15.445845067676794
6.07494478722066 15.458867880329665
6.059060902091023 15.471890692982535
6.043177016961386 15.484913505635404
6.027293131831748 15.497936318288275
6.011409246702112 15.510959130941146
5.995525361572475 15.523981943594015
5.979641476442838 15.537004756246885
5.9637575913132 15.550027568899756
5.947873706183564 15.563050381552625
5.931989821053927 15.576073194205495
5.91610593592429 15.589096006858366
5.900222050794653 15.602118819511237
5.8843381656650156 15.615141632164105
5.868454280535379 15.628164444816976
5.852570395405742 15.641187257469847
5.836686510276105 15.654210070122716
5.820802625146468 15.667232882775586
5.804918740016831 15.680255695428457
5.789034854887194 15.693278508081326
5.773150969757557 15.706301320734196
5.75726708462792 15.719324133387067
5.741383199498284 15.732346946039936
5.725499314368646 15.745369758692807
5.709615429239009 15.758392571345677
5.693731544109372 15.771415383998548
5.6778476589797355 15.784438196651417
5.661963773850099 15.797461009304287
5.646079888720461 15.810483821957156
5.630196003590824 15.823506634610027
5.6143121184611875 15.836529447262897
5.598428233331551 15.849552259915768
5.582544348201914 15.862575072568637
5.566660463072276 15.875597885221508
5.5507765779426395 15.888620697874378
5.534892692813003 15.901643510527247
5.519008807683366 15.914666323180118
5.503124922553729 15.927689135832988
5.487241037424091 15.940711948485857
5.471357152294455 15.953734761138728
5.455473267164818 15.966757573791599
5.439589382035181 15.979780386444467
5.423705496905544 15.992803199097338
5.407821611775907 16.00582601175021
5.39193772664627 16.01884882440308
5.376053841516633 16.03187163705595
5.360169956386996 16.044894449708817
5.344286071257359 16.057917262361688
5.328402186127722 16.07094007501456
5.312518300998085 16.08396288766743
5.291602874616203 16.088145972943806
5.2706874482343204 16.092329058220184
5.249772021852437 16.096512143496557
5.228856595470555 16.100695228772935
5.207941169088673 16.104878314049312
5.195391913259543 16.121610655154818
5.182842657430414 16.138342996260324
5.170293401601285 16.155075337365826
5.157744145772155 16.171807678471332
5.145194889943026 16.188540019576838
5.126893891858879 16.200304946916646
5.108592893774732 16.212069874256457
5.090291895690585 16.223834801596265
5.0719908976064385 16.235599728936073
5.053689899522292 16.247364656275884
5.035388901438145 16.259129583615692
5.017087903353998 16.270894510955504
4.998786905269851 16.282659438295312
4.991546949983815 16.301161546248515
4.9843069946977785 16.31966365420172
4.977067039411742 16.338165762154922
4.969827084125707 16.356667870108126
4.962587128839671 16.37516997806133
4.955347173553634 16.393672086014533
4.948107218267598 16.412174193967733
4.940867262981562 16.430676301920936
4.9336273076955255 16.44917840987414
4.92638735240949 16.467680517827343
4.919147397123454 16.486182625780547
4.911907441837418 16.50468473373375
4.904667486551381 16.523186841686954
4.888233937251331 16.508247251414183
4.87180038795128 16.493307661141408
4.85536683865123 16.478368070868637
4.83893328935118 16.463428480595862
4.82249974005113 16.44848889032309
4.806066190751079 16.433549300050316
4.789632641451029 16.418609709777545
4.786644723396475 16.3984412629093
4.78365680534192 16.378272816041058
4.780668887287366 16.358104369172814
4.777680969232811 16.33793592230457
4.774693051178256 16.317767475436327
4.771705133123701 16.297599028568083
4.768717215069147 16.27743058169984
4.765729297014593 16.257262134831596
4.762741378960038 16.237093687963352
4.7597534609054835 16.216925241095108
4.756765542850928 16.196756794226864
4.753777624796374 16.17658834735862
4.750789706741819 16.156419900490377
4.747801788687265 16.136251453622133
4.729127300846298 16.145215207785796
4.7104528130053325 16.154178961949462
4.691778325164366 16.163142716113125
4.673103837323399 16.172106470276788
4.654429349482434 16.181070224440454
4.635754861641467 16.190033978604117
4.617080373800501 16.19899773276778
4.598405885959535 16.207961486931445
4.579731398118568 16.216925241095108
4.561056910277602 16.225888995258774
4.542382422436636 16.234852749422437
4.523707934595669 16.2438165035861
4.5050334467547035 16.252780257749766
4.486358958913737 16.26174401191343
4.4731330275251935 16.27743058169984
4.459907096136651 16.293117151486253
4.4466811647481075 16.308803721272664
4.433455233359564 16.324490291059075
4.420229301971021 16.340176860845485
4.407003370582478 16.3558634306319
4.393777439193935 16.37155000041831
4.380551507805391 16.38723657020472
4.367325576416848 16.402923139991135
4.354099645028305 16.418609709777545
4.340873713639762 16.434296279563956
4.327647782251218 16.44998284935037
4.314421850862675 16.46566941913678
4.301195919474132 16.48135598892319
4.287969988085589 16.4970425587096
4.274744056697045 16.512729128496016
4.261518125308502 16.528415698282426
4.248292193919959 16.544102268068837
4.235066262531416 16.55978883785525
4.2218403311428725 16.57547540764166
4.20861439975433 16.591161977428072
4.1953884683657865 16.606848547214483
4.182162536977243 16.622535117000897
4.1689366055887 16.638221686787308
4.155710674200157 16.653908256573718
4.142484742811614 16.669594826360132
4.12925881142307 16.685281396146543
4.116032880034527 16.700967965932954
4.102806948645984 16.716654535719368
4.089581017257441 16.73234110550578
4.076355085868897 16.74802767529219
4.063129154480354 16.7637142450786
4.049903223091811 16.779400814865014
4.036677291703268 16.795087384651424
4.03122109351669 16.815093444668875
4.025764895330112 16.83509950468633
4.020308697143534 16.85510556470378
4.014852498956956 16.875111624721235
4.009396300770378 16.895117684738686
4.0039401025838 16.91512374475614
3.9984839043972227 16.93512980477359
3.9930277062106447 16.955135864791043
3.987571508024067 16.975141924808497
3.982115309837489 16.995147984825948
3.976659111650911 17.015154044843403
3.971202913464333 17.035160104860854
3.965746715277755 17.055166164878308
3.960290517091177 17.07517222489576
3.954834318904599 17.095178284913214
3.949378120718021 17.115184344930665
3.9439219225314437 17.135190404948116
3.9384657243448657 17.15519646496557
3.933009526158288 17.17520252498302
3.92755332797171 17.195208585000476
3.922097129785132 17.215214645017927
3.916640931598554 17.23522070503538
3.911184733411976 17.255226765052832
3.91223050473107 17.27509642011562
3.9132762760501643 17.294966075178408
3.914322047369258 17.314835730241196
3.9153678186883525 17.334705385303984
3.9164135900074464 17.354575040366775
3.9174593613265403 17.374444695429563
3.9185051326456346 17.39431435049235
3.9195509039647285 17.41418400555514
3.920596675283823 17.434053660617927
3.9216424466029167 17.453923315680715
3.9344240960585113 17.472514805797942
3.947205745514106 17.491106295915174
3.959987394969701 17.5096977860324
3.9727690444252954 17.52828927614963
3.98555069388089 17.54688076626686
3.9983323433364846 17.565472256384087
4.01111399279208 17.584063746501315
4.023895642247674 17.602655236618546
4.036677291703269 17.621246726735773
4.043112807513078 17.640553274165203
4.049548323322889 17.659859821594633
4.055983839132699 17.679166369024063
4.0624193549425085 17.69847291645349
4.068854870752319 17.71777946388292
4.075290386562129 17.73708601131235
4.0817259023719386 17.75639255874178
4.088161418181748 17.77569910617121
4.094596933991559 17.79500565360064
4.101032449801369 17.814312201030067
4.107467965611178 17.833618748459497
4.113903481420989 17.852925295888927
4.120338997230799 17.872231843318357
4.120338997230799 17.872231843318357
4.120338997230799 17.872231843318357
4.120338997230799 17.872231843318357
4.120338997230799 17.872231843318357
4.120338997230799 17.872231843318357
4.120338997230799 17.872231843318357
4.120338997230799 17.872231843318357
4.120338997230799 17.872231843318357
4.120338997230799 17.872231843318357
4.120338997230799 17.872231843318357
4.120338997230799 17.872231843318357
4.120338997230799 17.872231843318357
4.120338997230799 17.872231843318357
4.120338997230799 17.872231843318357
4.120338997230799 17.872231843318357
4.120338997230799 17.872231843318357
4.120338997230799 17.872231843318357
4.120338997230799 17.872231843318357
4.120338997230799 17.872231843318357
4.120338997230799 17.872231843318357
4.120338997230799 17.872231843318357
