10.0
10.25671863728657
10.51127547016011
10.761529487755013
11.005381051329003
11.240792045194228
11.465805391901686
11.678563730372286
11.877327064613043
12.060489201654974
12.226592810281264
12.374342946839601
12.502618910792014
12.610484310471467
12.697195238594027
12.762206477211844
12.805175672767447
12.82596544349678
12.82464340339357
12.801480109053227
12.756944957721627
12.691700086545112
12.606592344118678
12.502643425732236
12.381038283000969
12.243111936627647
12.090334837688395
11.924296937879713
11.746690642453189
11.559292830952916
11.363946140238523
11.162539711524863
10.95698960822228
10.749219114166964
10.541139122362381
10.334628822607486
10.131516892388017
9.933563389200597
9.74244253413678
9.559726566169775
9.38687083427706
9.225200280434724
9.075897450791128
8.939992155142715
8.818352876383916
8.7116800120898
8.620501010029981
8.545167438429248
8.485854010415899
8.44255956056725
8.415109950010114
8.403162855397332
8.406214376491274
8.423607377267096
8.454541456619012
8.498084427117483
8.553185164016377
8.6186876720235
8.693346204384987
8.775841257734125
8.864796257038106
8.958794737939488
9.05639782890785
9.156161832942038
9.256655708120999
9.356478248093856
9.454274767604435
9.548753104315129
9.638698756458908
9.722988986112224
9.800605730029766
9.870647173877668
9.93233786118897
9.985037225270323
10.028246450423396
10.061613588005292
10.08493687282625
10.098166205946875
10.101402790862501
10.094896931115697
10.07904401832529
10.05437876022844
10.021567718372063
9.98140024433811
9.934777921630227
9.882702637383536
9.826263423695725
9.766622222441786
9.704998739770165
9.642654566947083
9.580876752701611
9.520961018631521
9.464194813487405
9.411840404211334
9.365118201443257
9.325190514823259
9.293145928837031
9.269984483224116
9.256603833167775
9.253786553707647
9.262188740180171
9.282330042135897
9.314585252265182
9.359177554559963
9.416173517439626
9.485479898078184
9.566842303902623
9.659845736412734
9.763917021330998
9.878329107861227
10.00220719875155
10.134536652155019
10.274172576188786
10.41985101783415
10.570201629608519
10.72376168047956
10.87899126197073
11.034289526499485
11.188011782850804
11.338487263455896
11.48403736993507
11.622994197268083
11.75371913304603
11.87462132658208
11.984175823236502
12.08094116214204
12.16357624057113
12.23085625541534
12.281687541573891
12.315121138373591
12.330364928346249
12.326794207630332
12.303960563780372
12.261598954682992
12.19963290139819
12.118177727862635
12.01754180128939
11.89822574854962
11.760919645593102
11.606498198819002
11.436013959008783
11.25068862974246
11.051902552905846
10.841182473733575
10.620187706604241
10.390694840304528
10.154581137516885
9.91380679768453
9.670396265009995
9.426418774010346
9.183968333665947
8.945143357664461
8.71202615248565
8.486662477047265
8.271041387314352
8.067075576665165
7.876582417932811
7.701265905953646
7.542699690226427
7.402311376018368
7.2813682590661815
7.1809646440530885
7.102010880457533
7.045224231343969
7.0111216713949425
7.000014690173945
7.012006155479277
7.046989269927991
7.104648631830293
7.184463389216488
7.285712453800116
7.407481719940563
7.548673212540156
7.70801606750235
7.884079229108226
8.07528573064511
8.279928408038241
8.496186881271896
8.722145625201282
8.955812940091898
9.195140622999347
9.438044134018325
9.68242304655941
9.926181568207175
10.167248918399638
10.403599351148246
10.633271615266244
10.854387651042806
11.065170330919074
11.263960062394126
11.449230083996518
11.61960029956124
11.773849512095039
11.910925936018492
12.029955885350116
12.13025055523996
12.211310834951572
12.272830111705614
12.314695046503566
12.336984324909302
12.339965407542241
12.324089326491093
12.289983594759317
12.238443315975221
12.170420600723455
12.08701241377312
11.989446992998108
11.879068995728582
11.757323541479176
11.625739331327143
11.485911033542306
11.339481132301254
11.188121441375166
11.03351448751212
10.877334968813765
10.721231491729906
10.566808786385208
10.415610593856298
10.26910341080609
10.128661266648335
9.99555169627537
9.87092305747262
9.755793326620244
9.651040489319302
9.557394624365953
9.475431760235676
9.405569563143995
9.348064895044486
9.303013258837968
9.270350126833115
9.249854127352739
9.241152043556133
9.243725558276164
9.256919659174036
9.279952600010455
9.311927296522999
9.351844019476978
9.398614233096053
9.451075414437613
9.508006678494924
9.568145025002396
9.63020201618723
9.692880690124719
9.754892511964723
9.814974165128298
9.871903986627887
9.924517854916788
9.971724345076886
10.012518974634718
10.04599737376097
10.071367225939738
10.087958839254515
10.095234224070474
10.092794569923896
10.080386032669313
10.057903762180665
10.025394120940048
9.983055064453685
9.931234675380336
9.870427864309404
9.801271271050116
9.724536420856474
9.64112120998614
9.552039814152216
9.458411131561526
9.361445889138956
9.262432556025438
9.162722222334054
9.063712613298645
8.966831419215225
8.873519129842487
8.785211568100088
8.703322321910768
8.629225274828151
8.564237435652933
8.50960226456902
8.466473688453446
8.435900990981565
8.418814754036012
8.41601401583265
8.428154798218447
8.455740140915271
8.49911176423972
8.558443464198769
8.633736325036532
8.724815814494429
8.831330806462116
8.952754554564937
9.088387618787113
9.237362725703614
9.398651521524068
9.571073156174121
9.753304616284304
9.943892705447968
10.141267551663493
10.343757504695711
10.549605270367373
10.756985114698237
10.96402095850356
11.168805172682985
11.36941787609144
11.563946531680253
11.750505632599875
11.92725626821288
12.092425360499389
12.244324364144656
12.381367228652717
12.502087428079445
12.605153873346929
12.689385533490343
12.753764605476903
12.79744808728304
12.81977762555859
12.820287527267947
12.798710843983024
12.754983457804084
12.689246118983426
12.60184440699549
12.493326608801702
12.364439530161214
12.21612227780053
12.049498071838915
11.865864168837795
11.666679995975121
11.453553615921122
11.228226659803413
10.99255788200453
10.748505505255578
10.498108537416908
10.243467252329907
9.9867230360644
9.730037806675641
9.475573220152095
9.225469877527445
8.981826748125382
8.746681021602749
8.521988596879142
8.309605409241922
8.111269787964472
7.928586025773239
7.763009328561898
7.615832299021486
7.488173091490904
7.380965357512626
7.2949500824943385
7.230669393737244
7.188462399112922
7.1684630940802
7.170600352765461
7.1945999967213226
7.239988912969002
7.306101171256606
7.392086069362872
7.496918014971888
7.619408133356352
7.75821747204489
7.911871657004392
8.07877683982178
8.257236762081757
8.44547075174812
8.641632456990063
8.843829115647313
9.05014115347708
9.25864190152149
9.467417222405688
9.67458483712366
9.878313147871667
10.076839358698559
10.268486704088057
10.451680605976485
10.624963592022208
10.787008822044987
10.936632085285646
11.07280214832581
11.194649351962852
11.30147237485334
11.392743102103267
11.468109557971294
11.527396883230942
11.570606359274183
11.597912502495694
11.609658273639129
11.606348467381729
11.58864136725731
11.557338769851796
11.51337449984622
11.457801553735576
11.39177802474248
11.316551974412116
11.233445427479197
11.143837675719412
11.04914808353786
10.950818592933224
10.850296128153918
10.749015100809338
10.648380214408895
10.549749763300337
10.454419614811407
10.363608055137302
10.278441669254336
10.199942412993488
10.129016021513229
10.066441882924607
10.012864488917081
9.968786556099099
9.934563892606754
9.910402064559126
9.896354896374282
9.892324818033355
9.898065051325263
9.91318360615532
9.937149037390874
9.969297892674808
10.008843762386759
10.05488782468587
10.106430761531575
10.162385905938473
10.221593466653863
10.282835664106917
10.344852601004805
10.406358682461802
10.46605939413417
10.522668242572536
10.574923659938953
10.621605675394633
10.661552157843582
10.693674439294067
10.716972134821217
10.730546983910836
10.733615548736127
10.72552061755035
10.70574117572962
10.673900822911868
10.629774531977679
10.573293664113045
10.504549173680548
10.423792956888178
10.33143731906036
10.228052556453308
10.114362669782858
9.99123924771234
9.859693579247146
9.720867074071485
9.576020089119092
9.426519277877933
9.273823595887727
9.11946911140816
8.965052784142006
8.812215387034634
8.662623756403447
8.517952563860716
8.37986580958905
8.249998240438014
8.129936897987152
8.021203001144213
7.925234365016733
7.843368552742301
7.776826949734753
7.726699940479806
7.693933356690189
7.6793163524296455
7.683470846877029
7.706842658888672
7.74969443960522
7.8121004902328774
7.8939435320154026
7.99491347451923
8.114508206907683
8.252036415113437
8.406622405968426
8.577212897654995
8.762585714537426
8.961360303751992
9.17200997110126
9.392875715032165
9.62218151998214
9.858050954344598
10.098524903911766
10.341580259054558
10.585149363238143
10.827140021862522
11.065455863957649
11.298016845023119
11.522779677332922
11.737757974347009
11.941041898485715
12.130817106400382
12.305382792965517
12.463168644448473
12.60275052258321
12.722864714466066
12.822420598160956
12.90051159048894
12.956424261504552
12.98964551943391
12.9998677901609
12.986992136477767
12.951129284038338
12.89259854303112
12.811924636787674
12.709832470619807
12.587239895898653
12.445248545516094
12.285132837175738
12.108327260228375
11.916412079788534
11.711097608448606
11.494207210869549
11.267659219708689
11.033447952607363
10.793624029180034
10.55027419402874
10.305500856671108
10.061401561872568
9.820048604181636
9.5834689984834
9.353625014133907
9.132395473762369
8.921558009205718
8.722772456362152
8.53756555813833
8.367317130254762
8.21324782862661
8.076408639525336
7.9576721949459115
7.857725995755773
7.777067604506247
7.716001848467174
7.674640051735871
7.6529012934073775
7.650515667012433
7.667029494970198
7.701812430896158
7.754066362480138
7.822836008521849
7.90702108578913
8.005389904840849
8.116594239010142
8.23918529753391
8.371630622485455
8.512331719835323
8.659642227734233
8.811886420052971
8.967377840381948
9.124437861113112
9.28141396390346
9.43669754172807
9.588741028827265
9.736074173064607
9.877319275447125
10.011205233700823
10.136580240705289
10.252423004116748
10.357852370474102
10.452135255298838
10.534692799964501
10.605104696209704
10.663111639878238
10.708615896560111
10.741679983045003
10.762523489650146
10.771518089312039
10.769180799608764
10.756165583378921
10.733253392113278
10.701340773608212
10.661427181298347
10.614601137051173
10.562025411853574
10.504921399607543
10.444552868064076
10.382209277661767
10.319188863627856
10.256781679094972
10.196252797158825
10.138825867754372
10.085667220978594
10.03787070209072
9.996443414942997
9.962292540135019
9.936213381856692
9.918878783328667
9.910830035119433
9.91246938359051
9.924054228484302
9.945693079426132
9.977343321077083
10.018810816070223
10.069751353918976
10.129673933035724
10.197945842075727
10.27379948625879
10.356340884348073
10.44455974280468
10.537340995501653
10.633477680474416
10.731685009695934
10.830615473966091
10.928874812853799
11.02503866936223
11.11766974071902
11.205335230519
11.286624403435738
11.360166041920301
11.424645604740542
11.478821889882042
11.521543009205562
11.551761489284226
11.568548321951953
11.571105799185755
11.558778979898188
11.531065650891833
11.48762466046753
11.428282520802318
11.353038194033637
11.262065996792936
11.155716578512864
11.034515949957541
10.89916255986751
10.750522439131975
10.58962245326516
10.41764172493712
10.235901308659315
10.045852219229566
9.849061933982208
9.647199506065775
9.4420194416898
9.235344508372156
9.029047653519912
8.825033223054358
8.625217678126548
8.431510014170577
8.24579209053552
8.069899080677544
7.9056002523580275
7.754580284484202
7.618421322173079
7.4985859643694175
7.396401368977947
7.3130446490821335
7.249529720531448
7.2066957461342085
7.185197305050277
7.185496397917798
7.207856378964893
7.252337886057102
7.318796818534791
7.4068843910282265
7.5160492694358965
7.64554177315158
7.794420105667101
7.961558554097056
8.145657577204323
8.34525568137597
8.558742964928358
8.78437619331229
9.020295251439236
9.26454080463304
9.515072986789285
9.769790923336547
10.026552887658106
10.283196882847632
10.537561436111828
10.787506390844745
11.03093348140814
11.265806477962215
11.490170693271706
11.70217165021759
11.90007271770045
12.082271533628823
12.24731504662761
12.393913022835873
12.52094988053201
12.627494733148536
12.712809540326145
12.776355286801177
12.817796129902593
12.837001478028467
12.834045984443069
12.809207462846617
12.762962753182322
12.695981587819887
12.609118529359662
12.50340307160717
12.380028014556252
12.240336242282499
12.085806049293737
11.918035175930294
11.738723726696234
11.549656156790565
11.352682521473202
11.149699190146272
10.94262923208078
10.733402683521533
10.523936906428917
10.31611724736681
10.111778201040657
9.912685276776788
9.720517757885128
9.53685253345546
9.36314916982057
9.20073637481361
9.050799992211001
8.914372646557359
8.79232514011015
8.685359684117836
8.594005026276026
8.518613515212776
8.459360121469741
8.41624341290407
8.389088460973829
8.37755163322296
8.381127206680784
8.399155717063326
8.430833939823634
8.475226381452899
8.531278143175765
8.597829004488363
8.673628561014187
8.757352240045995
8.847618008014496
8.943003577081068
9.04206391316193
9.143348845009427
9.245420573526498
9.346870882277688
9.446337854157978
9.54252190534631
9.63420095592977
9.720244566844638
9.799626884925829
9.871438251749025
9.934895347435953
9.989349757496631
10.034294868916902
10.069371020860792
10.094368855331933
10.109230833704082
10.114050905958564
10.10907234052259
10.094683743553983
10.071413317129602
10.039921425840209
10.000991560547417
9.955519806308521
9.904502938514643
9.849025286932358
9.790244521409866
9.72937652535297
9.667679533553002
9.606437719444106
9.546944423283414
9.490485217014886
9.438321003646514
9.391671348816107
9.351698239847853
9.319490463029771
9.296048783125478
9.282272100342679
9.278944749214679
9.286725091223616
9.306135538649759
9.337554131222916
9.381207769858348
9.437167193269024
9.505343763765062
9.585488108292363
9.67719063995173
9.779883964106139
9.892847151961533
10.015211843431057
10.145970120396573
10.283984071395722
10.427996949509303
10.5766458070181
10.728475473441188
10.88195372805163
11.035487504059528
11.187439949516982
11.336148159768527
11.479941388060713
11.617159534829304
11.746171712272915
11.86539467914503
11.973310941271842
12.068486316132137
12.149586764888342
12.215394302482625
12.264821805734067
12.296926550694186
12.310922323715904
12.306189965625622
12.282286224898796
12.238950813646927
12.176111579336883
12.09388772527275
11.992591033760373
11.87272506731647
11.734982345046632
11.580239513161732
11.409550550292497
11.224138069562315
11.025382800053388
10.814811350129567
10.594082373839656
10.364971279115196
10.129353632504358
9.889187429572697
9.64649441269301
9.403340628604152
9.161816426722586
8.92401610564504
8.692017419515823
8.467861157897804
8.2535310124596
8.050933941174003
7.8618812358407535
7.688070491651871
7.531068668283096
7.392296420721456
7.273013864845041
7.174307927798658
7.097081416619439
7.042043920537244
7.009704643099983
7.00036723996207
7.014126717042784
7.050868422038934
7.1102691401971185
7.19180028305251
7.294733136763671
7.418146114954042
7.560933939844362
7.72181865515519
7.89936235499262
8.091981494910824
8.297962634767227
8.51547944802688
8.74261081899377
8.977359838187603
9.217673496869628
9.461462874642747
9.706623609189958
9.951056434618142
10.192687574569396
10.42948877825085
10.659496791791238
10.880832063812743
11.091716492733951
11.29049003400346
11.475625998079643
11.645744884388105
11.79962661254081
11.93622102961746
12.054656591095913
12.154247132871738
12.234496672507877
12.295102199179855
12.335954433496745
12.357136560246703
12.358920958900965
12.341763978174138
12.306298821848971
12.253326633203448
12.183805884509347
12.098840195996639
11.999664725204974
11.887631282592476
11.764192342484053
11.630884129773484
11.489308972126805
11.341117114667135
11.187988199182293
11.031612612728674
10.873672911086386
10.715825520843552
10.559682919979716
10.406796490720957
10.258640230225971
10.116595494427429
9.981936938209573
9.85581980118999
9.739268672846613
9.633167853763275
9.538253411547727
9.455107010708707
9.384151575676984
9.32564882544213
9.279698697182848
9.246240655027075
9.225056858923297
9.215777147772707
9.21788577069015
9.2307297807575
9.253528987118472
9.285387343945915
9.325305638878861
9.372195329157009
9.424893361027038
9.48217779720299
9.54278406834666
9.60542165779037
9.66879102412831
9.731600563903022
9.792583416435528
9.850513914890929
9.904223491916387
9.95261585458048
9.994681251817122
10.029509668032102
10.056302788855472
10.07438459907481
10.083210488410574
10.082374757819727
10.071616437247481
10.05082334498741
10.020034338842953
9.97943972988513
9.929379850543675
9.870341789817829
9.802954329315236
9.7279811343894
9.64631227461844
9.5589541670292
9.467018053605909
9.371707141529564
9.274302550084563
9.176148222068708
9.078634969696022
8.983183835251284
8.891228955026177
8.804200121244891
8.723505240699442
8.650512890617389
8.586535171853145
8.532811056829088
8.490490424783657
8.460618969859437
8.444124158459648
8.441802401215549
8.454307591958198
8.48214115141654
8.525643697130045
8.58498844344393
8.660176416639947
8.75103355045421
8.857209706657706
8.978179644254825
9.113245939418478
9.26154383676441
9.422047991208004
9.59358103867846
9.774823913620235
9.964327811711469
10.16052767779309
10.361757081830053
10.566264330010412
10.772229644003147
10.977783229096932
11.181024041568314
11.380039057295159
11.572922837433444
11.757797182983913
11.932830668337932
12.096257844428397
12.246397904923391
12.381672613957118
12.500623301144095
12.601926738992965
12.684409729225724
12.747062237797822
12.78904893345925
12.809719001338909
12.808614121093953
12.785474518447291
12.740243019235155
12.673067056181106
12.584298600277293
12.47449201065313
12.344399818908494
12.194966485844738
12.027320190102863
11.842762729183361
11.642757633446042
11.428916612756078
11.2029844732455
10.966822658004812
10.722391580231152
10.471731930277244
10.216945149028241
9.96017326896405
9.70357833104468
9.449321590111763
9.199542723782836
8.956339259798835
8.72174643447166
8.497717690292225
8.286106013948928
8.088646307045883
7.906938970798354
7.742434873036187
7.596421851107107
7.470012887898655
7.364136080369553
7.279526500889315
7.216720031537017
7.176049230524311
7.157641268311195
7.161417949008423
7.1870978105467875
7.23420027507919
7.30205179940379
7.389793954090683
7.496393339686816
7.620653229085005
7.761226807077758
7.9166318614719735
8.085266765094358
8.265427574728403
8.455326061637939
8.653108478966068
8.856874864055152
9.064698668684029
9.27464650741942
9.48479781375392
9.693264195455344
9.89820828455984
10.097861883657773
10.29054321847393
10.47467311713783
10.648789948862696
10.811563168859836
10.961805332057263
11.098482455388728
11.220722626884895
11.327822779325219
11.419253566584944
11.494662301808363
11.5538739379303
11.596890092614332
11.623886141143027
11.635206421948272
11.631357620075196
11.613000413706596
11.580939487719482
11.536112035896059
11.479574889674307
11.412490426023705
11.33611142000844
11.251765018713227
11.160836022336845
11.064749665308202
10.964954095170834
10.862902749669313
10.760036832922111
10.657768089783069
10.557462073496371
10.460422095588367
10.367874038682015
10.280952202661087
10.200686342467982
10.127990041926635
10.063650552497608
10.008320208968566
9.962509515949655
9.926581979881561
9.900750741288846
9.885077041444399
9.879470536681941
9.883691452535485
9.897354548931737
9.9199348470467
9.950775048390772
9.989094557429476
10.034000000795462
10.084497119102672
10.139503891726925
10.197864740840343
10.258365648641178
10.319750011237243
10.380735044143048
10.440028547928618
10.496345838287182
10.548426642714679
10.595051766142365
10.635059330234174
10.667360395624812
10.69095378308844
10.70493991841118
10.70853353650425
10.701075092915016
10.682040745233408
10.651050782794167
10.607876400364674
10.552444729993143
10.484842064669039
10.40531522770134
10.31427106252751
10.21227403879491
10.100041991775022
9.978440033243265
9.8484726926489
9.711274367483327
9.5680981810044
9.42030336367897
9.269341291659373
9.11674033112538
8.964089651225967
8.81302218049094
8.665196891811254
8.522280609297631
8.385929536420894
8.257770708747708
8.139383576263423
8.032281919698
7.93789630244425
7.857557254605729
7.79247937848932
7.743746555536965
7.712298423372512
7.698918278444622
7.704222544815218
7.728651933135598
7.772464395947827
7.835729966341076
7.9183275468858545
8.01994369488486
8.140073428540573
8.278023056882741
8.432915014458537
8.603694660101773
8.789138977803832
8.987867097037197
9.198352530061223
9.418937004982892
9.647845755861164
9.88320411512078
10.123055239157653
10.365378785431094
10.608110348685756
10.849161455347275
11.086439908685666
11.317870273109964
11.54141428399613
11.75509096978221
11.956996275685079
12.145321983279281
12.318373727277306
12.474587920088377
12.61254740600944
12.73099568009868
12.828849521757235
12.90520990963615
12.959371102516974
12.990827790090428
12.999280237871098
12.98463737161813
12.947017768354888
12.886748543159964
12.804362143100043
12.700591081752055
12.576360669480271
12.432779815758963
12.271130000134931
12.092852527688695
11.899534202869953
11.692891572159068
11.474753900961554
11.24704506332023
11.011764534283467
10.770967683981315
10.526745579533836
10.281204505775484
10.036445418369954
9.794543543191361
9.55752833385469
9.327363995015165
9.105930772572542
8.895007203282132
8.696253505588158
8.511196280871179
8.341214679882574
8.18752817307928
8.051186046052479
7.933058722450404
7.833830996938738
7.753997240034916
7.693858615324453
7.653522327846937
7.632902900566295
7.63172545405089
7.649530943019986
7.68568328249933
7.739378276194593
7.809654240556738
7.895404200084661
7.995389512880571
8.108254770521413
8.232543803095677
8.36671660891984
8.50916701911493
8.658240899986984
8.812254691095825
8.969514074060815
9.128332566572006
9.287049837750411
9.444049544910696
9.597776497876117
9.74675296521044
9.889593946967205
10.025021250701725
10.151876221406031
10.269130991555738
10.375898134428175
10.47143862207321
10.55516800858832
10.626660779454806
10.685652828408232
10.73204204441418
10.765887012566324
10.787403853881877
10.796961249806913
10.79507371752897
10.782393221705044
10.759699226730513
10.72788731099967
10.687956480544901
10.640995333819301
10.588167242042875
10.530694720331573
10.469843173649652
10.40690420837463
10.34317870486456
10.27995984882242
10.218516319437109
10.16007583023789
10.10580921436388
10.056815239557748
10.014106329727314
9.978595359463554
9.95108367558663
9.932250485739866
9.922643738431152
9.922672601898245
9.93260163094408
9.952546691650278
9.98247269384682
10.02219316061541
10.071371643163998
10.129524968361808
10.196028285302905
10.270121856705593
10.350919520981954
10.437418731651208
10.528512062635125
10.623000051065391
10.719605233741701
10.816987219478278
10.913758627422379
11.00850171115457
11.099785480109942
11.186183123676406
11.266289539313071
11.338738764223354
11.40222111054866
11.45549980670653
11.497426952364876
11.526958601561864
11.543168797582732
11.545262394284936
11.532586511508791
11.504640486875754
11.461084202506383
11.401744682805523
11.326620878270596
11.235886570077119
11.129891350764572
11.009159657462362
10.87438785552623
10.726439391966277
10.566338059403247
10.395259432251342
10.214520557168257
10.025567999305988
9.829964364329953
9.629373433340461
9.425544063542393
9.22029302158954
9.015486928826503
8.813023508018796
8.614812329493923
8.422755260809202
8.238726828051387
8.064554698608877
7.902000494718024
7.752741144271038
7.618350970316314
7.500284713428149
7.399861671752289
7.318251132143768
7.25645925252471
7.21531754054408
7.195473056980647
7.197380454272399
7.221295941274824
7.267273245053766
7.335161619426179
7.424605928299902
7.5350488098669075
7.665734905610335
7.815717116133037
7.983864824241944
8.168874004762412
8.369279120435497
8.583466684187947
8.809690350266681
9.046087380387434
9.290696316340696
9.541475677585584
9.79632349138398
10.053097454100461
10.309635515522364
10.563776673498834
10.813381763924031
11.056354031108462
11.290659265901079
11.51434530351768
11.72556067984618
11.922572253963608
12.10378161561838
12.267740109381483
12.413162321913877
12.538937895175218
12.644141546230706
12.728041193409467
12.79010410871868
12.830001037407534
12.847608247174927
12.843007491491923
12.816483893626929
12.768521779977632
12.699798512993716
12.61117639508223
12.503692735195553
12.378548189093403
12.237093502334954
12.080814801701974
11.911317595802096
11.730309658887196
11.53958298330936
11.34099499540084
11.136449236807199
10.927875718349071
10.717211156287368
10.506379301386744
10.297271569419697
10.09172817774021
9.891519986338361
9.6983312334314
9.513743345246198
9.339219987324682
9.17609351056959
9.025552929501567
8.888633552997288
8.766208369308202
8.658981267626736
8.567482158087572
8.492064031088535
8.432901975420569
8.38999415314414
8.363164707677598
8.352068560405204
8.356198030501703
8.374891192831882
8.407341869934083
8.452611136440288
8.50964019801906
8.577264492219937
8.654228845620281
8.739203510554972
8.830800895576317
8.927592796739205
9.028127931909761
9.130949577604895
9.234613107417415
9.337703232859372
9.43885075145036
9.536748613038814
9.630167123597394
9.717968115991996
9.799117929365575
9.872699052668217
9.937920303350028
9.994125429135698
10.04080003893369
10.07757678809508
10.104238763212551
10.120721032218162
10.127110346468227
10.12364300256386
10.110700892610003
10.088805792233002
10.058611955726937
10.020897106957552
9.976551932908341
9.926568203801608
9.872025659376842
9.814077814989357
9.753936853544204
9.692857779764317
9.63212202179851
9.573020671598446
9.516837559771126
9.464832362692508
9.418223939523049
9.378174094402954
9.345771954543592
9.32201914822434
9.307815957924937
9.303948613065716
9.311077874212186
9.329729046265692
9.360283542263694
9.402972102128457
9.457869752223592
9.524892572104182
9.603796314597751
9.694176904550115
9.795472820444951
9.906969341891708
10.027804624906976
10.156977546226347
10.29335723780329
10.43569421340411
10.582632971006907
10.732725937760247
10.884448608744
11.036215716872787
11.186398259148206
11.333341194238244
11.47538161815151
11.610867218680497
11.738174805377838
11.855728710150498
11.96201885413124
12.055618279314452
12.135199948489515
12.199552624230348
12.247595647014288
12.278392443860715
12.291162612072542
12.285292437591579
12.26034372398233
12.216060825960334
12.152375800485341
12.069411608541282
11.967483321606071
11.84709730824766
11.708948398035405
11.553915041791331
11.383052508887438
11.197584183583775
10.998891043068749
10.788499419679628
10.568067168532187
10.33936837926774
10.104276786644544
9.864748049076114
9.622801076805027
9.380498602044264
9.13992719201439
8.90317691224976
8.672320851772673
8.449394723690318
8.236376754435788
8.035168072247371
7.847573800591657
7.675285055133586
7.519862033615023
7.38271837672439
7.265106964839434
7.1681073005487494
7.092614610263298
7.039330780195902
7.008757222709515
7.001189748720469
7.016715500709289
7.055211979169114
7.1163481732414295
7.199587784091457
7.30419450749859
7.429239320420279
7.573609695164225
7.73602064450074
7.915027481785486
8.109040162147657
8.316339054225148
8.535091976975295
8.76337232291658
8.999178077904277
9.240451538335364
9.48509951960686
9.731013844799293
9.976091899968186
10.21825704212981
10.45547864802696
10.685791596026132
10.907314979986971
11.118269862584636
11.316995886256324
11.501966572571462
11.671803155251439
11.825286808126425
11.961369146844374
12.079180901944198
12.178038680767525
12.257449756395536
12.317114843130499
12.356928839766672
12.376979543773157
12.37754436130454
12.359085059428818
12.32224062787918
12.267818337775712
12.19678310389894
12.110245275031435
12.009446993415814
11.895747279331951
11.77060601001313
11.635566973459106
11.492240187037623
11.342283678005616
11.187384928142492
11.029242187522364
10.869545863035286
10.709960185590981
10.552105356028902
10.397540363662383
10.247746663167973
10.104112885294446
9.96792074471998
9.840332294468556
9.722378660766474
9.614950375246435
9.518789403182165
9.434482947163524
9.362459085512773
9.30298428402375
9.256162798503171
9.221937964343724
9.20009534819639
9.190267715967074
9.191941751073621
9.204466437384092
9.227063002733294
9.25883630158725
9.298787499480518
9.345827907471495
9.398793802198455
9.45646205631465
9.517566395256173
9.580814089540404
9.644902887188529
9.708537988454752
9.770448864856643
9.829405726536077
9.884235446215227
9.933836754394482
9.9771945289062
10.01339301238431
10.041627803525921
10.061216482067714
10.071607743017738
10.072388932702115
10.063291897414901
10.044197074693773
10.015135777272622
9.97629064036058
9.927994223835437
9.870725781986295
9.805106234360537
9.73189139183081
9.651963511969686
9.56632127698089
9.476068305572324
9.382400327063959
9.28659116151717
9.189977663573947
9.09394379985054
8.999904040005914
8.909286249878768
8.823514281271127
8.743990456976226
8.672078151454606
8.609084667140158
8.556244603699845
8.514703912709049
8.485504823189231
8.469571814359554
8.467698800875613
8.480537682890345
8.508588398609536
8.552190600791157
8.61151706102679
8.686568886839588
8.777172616841002
8.882979238624161
9.003465152960484
9.137935086440708
9.285526933195413
9.445218484980598
9.615835987955457
9.796064444144129
9.984459556083054
10.17946119472673
10.379408253523236
10.582554735862269
10.787086909021447
10.991141345445438
11.192823661826502
11.390227758126656
11.581455352492489
11.764635604024544
11.937944613632741
12.09962459374844
12.248002500479508
12.381507926854384
12.498690063054191
12.59823353890333
12.678972975280498
12.739906084399877
12.780205173956825
12.799226926774347
12.796520345641417
12.771832772315388
12.725113909954475
12.656517799337147
12.566402720885158
12.45532901650068
12.324054847319285
12.173529925430017
12.004887279183192
11.819433132663937
11.61863500002551
11.404108114436385
11.177600329188227
10.940975644849544
10.69619653105169
10.445305224401434
10.190404194987787
9.933635982872387
9.677162612719266
9.42314479926887
9.173721158632198
8.930987640353873
8.696977392871636
8.473641270400485
8.262829182449988
8.06627247821407
7.885567547049046
7.72216080330086
7.57733520899434
7.45219847151526
7.347673035579656
7.264487969685229
7.203172827084088
7.164053540323487
7.147250386798069
7.152678040776822
7.180047705248751
7.228871294912635
7.29846761995436
7.387970499145789
7.496338710489482
7.622367668341831
7.764702697880386
7.9218537611376
8.09221147377451
8.274064238481072
8.465616309505478
8.66500659344974
8.870327984228593
9.079647025043819
9.291023687428863
9.502531056900635
9.712274716511562
9.918411623609217
10.119168281333947
10.312858014743197
10.497897171854586
10.672820082229238
10.836292619833335
10.987124232667579
11.12427831885977
11.246880847390589
11.354227141160187
11.445786760487447
11.521206446141736
11.58031110240734
11.623102822237751
11.649757978034415
11.660622422746968
11.656204866608478
11.637168514662418
11.60432106909279
11.558603218029969
11.501075748776337
11.432905438107168
11.355349885286294
11.269741464558916
11.17747058302195
11.079968436829922
10.978689463592326
10.87509369151498
10.770629186292672
10.666714794985785
10.564723382121915
10.465965747105026
10.371675403762536
10.282994392606028
10.200960284238741
10.126494518455075
10.060392208093326
10.003313519799509
9.955776725727448
9.918153001037155
9.890663022077634
9.873375399571147
9.866206960184757
9.868924868813439
9.881150562942254
9.902365449836019
9.931918297252222
9.969034229110534
10.012825219294665
10.062301959709618
10.116386963064551
10.173928746766972
10.233716931957712
10.294498081227562
10.354992090046428
10.413908940505424
10.469965621692605
10.521903018938016
10.568502574302158
10.608602523042702
10.641113515347984
10.665033439329129
10.67946127003629
10.683609780017042
10.676816959545866
10.658556008983261
10.628443781616285
10.586247572612184
10.531890168191666
10.465453088596917
10.387177978674284
10.297466120690054
10.196876065119096
10.086119396356702
9.966054671369818
9.83767958998872
9.702121475617783
9.560626164388609
9.414545418977905
9.265323000261645
9.114479545490394
8.96359641556897
8.81429868615864
8.66823746754606
8.52707174643389
8.392449948901259
8.265991427692791
8.149268078674563
8.043786290721787
7.950969430477286
7.872141058373028
7.808509065088009
7.76115090829788
7.73100011826159
7.718834227598073
7.725264265682075
7.750725941587864
7.795472621611724
7.8595701883038815
7.942893847842864
8.045126931708632
8.165761717181853
8.304102269448773
8.459269286260314
8.630206904417493
8.815691406071604
9.014341742165973
9.224631770534751
9.444904087428379
9.67338531376122
9.908202681363342
10.147401750147655
10.38896507452371
10.630831626748815
10.870916776318438
11.107132618055516
11.337408437338265
11.559711098954265
11.77206514640636
11.972572401127122
12.159430855950925
12.330952664298849
12.485581035776057
12.62190586016431
12.738677894993717
12.834821366858897
12.90944485323939
12.961850329620267
12.9915402859871
12.998222837085368
12.981814771968732
12.942442510083577
12.880440953217775
12.796350244838752
12.690910470421985
12.565054354087891
12.419898027986434
12.25672997117089
12.076998233961643
11.882296081813868
11.674346209273953
11.454983689559647
11.226137838469004
10.989813182572194
10.748069730844596
10.503002755965738
10.256722296359348
10.011332592631357
9.768911672357282
9.531491295164965
9.301037465788742
9.079431716276552
8.868453349886792
8.669762828516022
8.484886472865226
8.315202630120929
8.161929447860128
8.026114375356341
7.908625494660697
7.810144763965613
7.731163235041016
7.671978285195146
7.632692882482246
7.613216880996875
7.613270321296888
7.63238868951929
7.6699300678317766
7.725084088720234
7.796882586471608
7.884211821275655
7.985826134832571
8.100362881396919
8.226358464968683
8.362265302001948
8.506469519666208
8.657309192454244
8.813092914867987
8.972118505078395
9.132691633872616
9.29314417487594
9.451852075948707
9.607252557752672
9.757860453699989
9.902283515735462
10.03923652255035
10.167554040745202
10.286201704991683
10.394285900219172
10.491061747079188
10.575939311217015
10.648487976992033
10.708438947011379
10.755685849947456
10.790283460363677
10.812444555439233
10.822534954330486
10.821066806200227
10.80869021246603
10.786183287347562
10.754440778125412
10.714461382472786
10.667333914608285
10.614222484683125
10.556350866627623
10.49498623851071
10.431422486227394
10.366963265938521
10.302905023103074
10.240520166136257
10.181040590696346
10.125641746373242
10.075427431172612
10.031415490728874
9.994524588735583
9.965562202771634
9.945213985657611
9.93403461686236
9.932440251464199
9.94070265594498
9.958945100863613
9.98714006042911
10.025108748396942
10.072522498775468
10.128905978783504
10.193642200580888
10.26597927773373
10.345038852404242
10.429826100093784
10.519241200630825
10.612092147186928
10.70710874960913
10.802957674453822
10.898258351948918
10.991599569834326
11.081556565752543
11.166708423677127
11.245655575841734
11.317037209823921
11.379548380856548
11.431956632093495
11.47311793041402
11.501991732361843
11.517655003905016
11.519315028776303
11.50632085308838
11.478173228573917
11.434532933021133
11.375227364079759
11.300255321410791
11.209789911942297
11.104179533550894
10.983946913595325
10.849786200148888
10.702558125278617
10.54328328106348
10.37313356999635
10.193421911747821
10.005590307752396
9.811196383503193
9.611898545599514
9.40943990629396
9.20563114236084
9.00233246739404
8.801434907005342
8.604841074719843
8.414445652551265
8.232115784225474
8.059671590751218
7.898867017493359
7.751371219087557
7.618750683475774
7.502452289085448
7.403787479805307
7.323917731018049
7.263841466662687
7.224382572255138
7.206180632154627
7.20968300130931
7.2351388024359435
7.282594919294949
7.3518940356345865
7.442674747720252
7.554373756373629
7.686230122358237
7.8372915470018265
8.006422618380407
8.192314942434429
8.39349905827599
8.608358017891073
8.83514249264998
9.071987252708364
9.316928850682906
9.567924328082244
9.822870752007725
10.079625380719087
10.336026249900598
10.589912966919012
10.839147498098455
11.081634734069432
11.315342620576931
11.538321646734886
11.748723489540664
11.944818622436978
12.125012706735976
12.287861597681442
12.43208481167623
12.556577317588976
12.660419532894693
12.74288542450735
12.803448634321354
12.84178657047537
12.85778242695812
12.851525116158825
12.823307121086618
