0.0 5.0
0.01002004008016032 5.0
0.02004008016032064 5.0
0.03006012024048096 5.0
0.04008016032064128 5.0
0.0501002004008016 5.0
0.06012024048096192 5.0
0.07014028056112225 5.0
0.08016032064128256 5.0
0.09018036072144288 5.0
0.1002004008016032 5.0
0.11022044088176353 5.0
0.12024048096192384 5.0
0.13026052104208416 5.0
0.1402805611222445 5.0
0.1503006012024048 5.0
0.16032064128256512 5.0
0.17034068136272545 5.0
0.18036072144288576 5.0
0.1903807615230461 5.0
0.2004008016032064 5.0
0.21042084168336672 5.0
0.22044088176352705 5.0
0.23046092184368736 5.0
0.24048096192384769 5.0
0.250501002004008 5.0
0.2605210420841683 5.0
0.27054108216432865 5.0
0.280561122244489 5.0
0.2905811623246493 5.0
0.3006012024048096 5.0
0.3106212424849699 5.0
0.32064128256513025 5.0
0.3306613226452906 5.0
0.3406813627254509 5.0
0.3507014028056112 5.0
0.3607214428857715 5.0
0.37074148296593185 5.0
0.3807615230460922 5.0
0.3907815631262525 5.0
0.4008016032064128 5.0
0.4108216432865731 5.0
0.42084168336673344 5.0
0.4308617234468938 5.0
0.4408817635270541 5.0
0.45090180360721444 5.0
0.4609218436873747 5.0
0.47094188376753504 5.0
0.48096192384769537 5.0
0.4909819639278557 5.0
0.501002004008016 5.0
0.5110220440881763 5.0
0.5210420841683366 5.0
0.531062124248497 5.0
0.5410821643286573 5.0
0.5511022044088176 5.0
0.561122244488978 5.0
0.5711422845691383 5.0
0.5811623246492986 5.0
0.5911823647294588 5.0
0.6012024048096192 5.0
0.6112224448897795 5.0
0.6212424849699398 5.0
0.6312625250501002 5.0
0.6412825651302605 5.0
0.6513026052104208 5.0
0.6613226452905812 5.0
0.6713426853707415 5.0
0.6813627254509018 5.0
0.6913827655310621 5.0
0.7014028056112224 5.0
0.7114228456913827 5.0
0.721442885771543 5.0
0.7314629258517034 5.0
0.7414829659318637 5.0
0.751503006012024 5.0
0.7615230460921844 5.0
0.7715430861723447 5.0
0.781563126252505 5.0
0.7915831663326653 5.0
0.8016032064128256 5.0
0.8116232464929859 5.0
0.8216432865731462 5.0
0.8316633266533066 5.0
0.8416833667334669 5.0
0.8517034068136272 5.0
0.8617234468937875 5.0
0.8717434869739479 5.0
0.8817635270541082 5.0
0.8917835671342685 5.0
0.9018036072144289 5.0
0.9118236472945891 5.0
0.9218436873747494 5.0
0.9318637274549098 5.0
0.9418837675350701 5.0
0.9519038076152304 5.0
0.9619238476953907 5.0
0.9719438877755511 5.0
0.9819639278557114 5.0
0.9919839679358717 5.0
1.002004008016032 5.0
1.0120240480961924 5.0
1.0220440881763526 5.0
1.032064128256513 5.0
1.0420841683366733 5.0
1.0521042084168337 5.0
1.062124248496994 5.0
1.0721442885771542 5.0
1.0821643286573146 5.0
1.0921843687374748 5.0
1.1022044088176353 5.0
1.1122244488977955 5.0
1.122244488977956 5.0
1.1322645290581161 5.0
1.1422845691382766 5.0
1.1523046092184368 5.0
1.1623246492985972 5.0
1.1723446893787575 5.0
1.1823647294589177 5.0
1.1923847695390781 5.0
1.2024048096192383 5.0
1.2124248496993988 5.0
1.222444889779559 5.0
1.2324649298597194 5.0
1.2424849699398797 5.0
1.25250501002004 5.0
1.2625250501002003 5.0
1.2725450901803608 5.0
1.282565130260521 5.0
1.2925851703406812 5.0
1.3026052104208417 5.0
1.3126252505010019 5.0
1.3226452905811623 5.0
1.3326653306613225 5.0
1.342685370741483 5.0
1.3527054108216432 5.0
1.3627254509018036 5.0
1.3727454909819639 5.0
1.3827655310621243 5.0
1.3927855711422845 5.0
1.4028056112224447 5.0
1.4128256513026052 5.0
1.4228456913827654 5.0
1.4328657314629258 5.0
1.442885771543086 5.0
1.4529058116232465 5.0
1.4629258517034067 5.0
1.4729458917835672 5.0
1.4829659318637274 5.0
1.4929859719438878 5.0
1.503006012024048 5.0
1.5130260521042083 5.0
1.5230460921843687 5.0
1.533066132264529 5.0
1.5430861723446894 5.0
1.5531062124248496 5.0
1.56312625250501 5.0
1.5731462925851702 5.0
1.5831663326653307 5.0
1.593186372745491 5.0
1.6032064128256511 5.0
1.6132264529058116 5.0
1.6232464929859718 5.0
1.6332665330661322 5.0
1.6432865731462925 5.0
1.653306613226453 5.0
1.6633266533066131 5.0
1.6733466933867736 5.0
1.6833667334669338 5.0
1.6933867735470942 5.0
1.7034068136272544 5.0
1.7134268537074147 5.0
1.723446893787575 5.0
1.7334669338677353 5.0
1.7434869739478958 5.0
1.753507014028056 5.0
1.7635270541082164 5.0
1.7735470941883766 5.0
1.783567134268537 5.0
1.7935871743486973 5.0
1.8036072144288577 5.0
1.813627254509018 5.0
1.8236472945891782 5.0
1.8336673346693386 5.0
1.8436873747494988 5.0
1.8537074148296593 5.0
1.8637274549098195 5.0
1.87374749498998 5.0
1.8837675350701402 5.0
1.8937875751503006 5.0
1.9038076152304608 5.0
1.9138276553106213 5.0
1.9238476953907815 5.0
1.9338677354709417 5.0
1.9438877755511021 5.0
1.9539078156312624 5.0
1.9639278557114228 5.0
1.973947895791583 5.0
1.9839679358717435 5.0
1.9939879759519037 5.0
2.004008016032064 5.0
2.0140280561122244 5.0
2.024048096192385 5.0
2.034068136272545 5.0
2.0440881763527052 5.0
2.0541082164328657 5.0
2.064128256513026 5.0
2.074148296593186 5.0
2.0841683366733466 5.0
2.094188376753507 5.0
2.1042084168336674 5.0
2.1142284569138274 5.0
2.124248496993988 5.0
2.1342685370741483 5.0
2.1442885771543083 5.0
2.1543086172344688 5.0
2.164328657314629 5.0
2.1743486973947896 5.0
2.1843687374749496 5.0
2.19438877755511 5.0
2.2044088176352705 5.0
2.214428857715431 5.0
2.224448897795591 5.0
2.2344689378757514 5.0
2.244488977955912 5.0
2.254509018036072 5.0
2.2645290581162323 5.0
2.2745490981963927 5.0
2.284569138276553 5.0
2.294589178356713 5.0
2.3046092184368736 5.0
2.314629258517034 5.0
2.3246492985971945 5.0
2.3346693386773545 5.0
2.344689378757515 5.0
2.3547094188376754 5.0
2.3647294589178354 5.0
2.374749498997996 5.0
2.3847695390781563 5.0
2.3947895791583167 5.0
2.4048096192384767 5.0
2.414829659318637 5.0
2.4248496993987976 5.0
2.434869739478958 5.0
2.444889779559118 5.0
2.4549098196392785 5.0
2.464929859719439 5.0
2.474949899799599 5.0
2.4849699398797593 5.0
2.49498997995992 5.0
2.50501002004008 5.0
2.51503006012024 5.0
2.5250501002004007 5.0
2.535070140280561 5.0
2.5450901803607215 5.0
2.5551102204408815 5.0
2.565130260521042 5.0
2.5751503006012024 5.0
2.5851703406813624 5.0
2.595190380761523 5.0
2.6052104208416833 5.0
2.6152304609218437 5.0
2.6252505010020037 5.0
2.635270541082164 5.0
2.6452905811623246 5.0
2.655310621242485 5.0
2.665330661322645 5.0
2.6753507014028055 5.0
2.685370741482966 5.0
2.695390781563126 5.0
2.7054108216432864 5.0
2.715430861723447 5.0
2.7254509018036073 5.0
2.7354709418837673 5.0
2.7454909819639277 5.0
2.755511022044088 5.0
2.7655310621242486 5.0
2.7755511022044086 5.0
2.785571142284569 5.0
2.7955911823647295 5.0
2.8056112224448895 5.0
2.81563126252505 5.0
2.8256513026052104 5.0
2.835671342685371 5.0
2.845691382765531 5.0
2.8557114228456912 5.0
2.8657314629258517 5.0
2.875751503006012 5.0
2.885771543086172 5.0
2.8957915831663326 5.0
2.905811623246493 5.0
2.915831663326653 5.0
2.9258517034068134 5.0
2.935871743486974 5.0
2.9458917835671343 5.0
2.9559118236472943 5.0
2.9659318637274548 5.0
2.975951903807615 5.0
2.9859719438877756 5.0
2.9959919839679356 5.0
3.006012024048096 5.0
3.0160320641282565 5.0
3.0260521042084165 5.0
3.036072144288577 5.0
3.0460921843687374 5.0
3.056112224448898 5.0
3.066132264529058 5.0
3.0761523046092183 5.0
3.0861723446893787 5.0
3.096192384769539 5.0
3.106212424849699 5.0
3.1162324649298596 5.0
3.12625250501002 5.0
3.13627254509018 5.0
3.1462925851703405 5.0
3.156312625250501 5.0
3.1663326653306614 5.0
3.1763527054108214 5.0
3.186372745490982 5.0
3.1963927855711423 5.0
3.2064128256513023 5.0
3.2164328657314627 5.0
3.226452905811623 5.0
3.2364729458917836 5.0
3.2464929859719436 5.0
3.256513026052104 5.0
3.2665330661322645 5.0
3.276553106212425 5.0
3.286573146292585 5.0
3.2965931863727453 5.0
3.306613226452906 5.0
3.316633266533066 5.0
3.3266533066132262 5.0
3.3366733466933867 5.0
3.346693386773547 5.0
3.356713426853707 5.0
3.3667334669338675 5.0
3.376753507014028 5.0
3.3867735470941884 5.0
3.3967935871743484 5.0
3.406813627254509 5.0
3.4168336673346693 5.0
3.4268537074148293 5.0
3.4368737474949898 5.0
3.44689378757515 5.0
3.4569138276553106 5.0
3.4669338677354706 5.0
3.476953907815631 5.0
3.4869739478957915 5.0
3.496993987975952 5.0
3.507014028056112 5.0
3.5170340681362724 5.0
3.527054108216433 5.0
3.537074148296593 5.0
3.5470941883767533 5.0
3.5571142284569137 5.0
3.567134268537074 5.0
3.577154308617234 5.0
3.5871743486973946 5.0
3.597194388777555 5.0
3.6072144288577155 5.0
3.6172344689378755 5.0
3.627254509018036 5.0
3.6372745490981964 5.0
3.6472945891783564 5.0
3.657314629258517 5.0
3.6673346693386772 5.0
3.6773547094188377 5.0
3.6873747494989977 5.0
3.697394789579158 5.0
3.7074148296593186 5.0
3.717434869739479 5.0
3.727454909819639 5.0
3.7374749498997994 5.0
3.74749498997996 5.0
3.75751503006012 5.0
3.7675350701402803 5.0
3.7775551102204408 5.0
3.787575150300601 5.0
3.797595190380761 5.0
3.8076152304609217 5.0
3.817635270541082 5.0
3.8276553106212425 5.0
3.8376753507014025 5.0
3.847695390781563 5.0
3.8577154308617234 5.0
3.8677354709418834 5.0
3.877755511022044 5.0
3.8877755511022043 5.0
3.8977955911823647 5.0
3.9078156312625247 5.0
3.917835671342685 5.0
3.9278557114228456 5.0
3.937875751503006 5.0
3.947895791583166 5.0
3.9579158316633265 5.0
3.967935871743487 5.0
3.977955911823647 5.0
3.9879759519038074 5.0
3.997995991983968 5.0
4.008016032064128 5.0
4.018036072144288 5.0
4.028056112224449 5.0
4.038076152304609 5.0
4.04809619238477 5.0
4.05811623246493 5.0
4.06813627254509 5.0
4.07815631262525 5.0
4.0881763527054105 5.0
4.098196392785571 5.0
4.108216432865731 5.0
4.118236472945892 5.0
4.128256513026052 5.0
4.138276553106213 5.0
4.148296593186372 5.0
4.158316633266533 5.0
4.168336673346693 5.0
4.1783567134268536 5.0
4.188376753507014 5.0
4.198396793587174 5.0
4.208416833667335 5.0
4.218436873747494 5.0
4.228456913827655 5.0
4.238476953907815 5.0
4.248496993987976 5.0
4.258517034068136 5.0
4.268537074148297 5.0
4.278557114228457 5.0
4.288577154308617 5.0
4.298597194388777 5.0
4.3086172344689375 5.0
4.318637274549098 5.0
4.328657314629258 5.0
4.338677354709419 5.0
4.348697394789579 5.0
4.35871743486974 5.0
4.368737474949899 5.0
4.37875751503006 5.0
4.38877755511022 5.0
4.398797595190381 5.0
4.408817635270541 5.0
4.4188376753507015 5.0
4.428857715430862 5.0
4.4388777555110215 5.0
4.448897795591182 5.0
4.458917835671342 5.0
4.468937875751503 5.0
4.478957915831663 5.0
4.488977955911824 5.0
4.498997995991984 5.0
4.509018036072144 5.0
4.519038076152304 5.0
4.529058116232465 5.0
4.539078156312625 5.0
4.5490981963927855 5.0
4.559118236472946 5.0
4.569138276553106 5.0
4.579158316633267 5.0
4.589178356713426 5.0
4.599198396793587 5.0
4.609218436873747 5.0
4.619238476953908 5.0
4.629258517034068 5.0
4.6392785571142285 5.0
4.649298597194389 5.0
4.6593186372745485 5.0
4.669338677354709 5.0
4.679358717434869 5.0
4.68937875751503 5.0
4.69939879759519 5.0
4.709418837675351 5.0
4.719438877755511 5.0
4.729458917835671 5.0
4.739478957915831 5.0
4.749498997995992 5.0
4.759519038076152 5.0
4.7695390781563125 5.0
4.779559118236473 5.0
4.789579158316633 5.0
4.799599198396794 5.0
4.809619238476953 5.0
4.819639278557114 5.0
4.829659318637274 5.0
4.839679358717435 5.0
4.849699398797595 5.0
4.859719438877756 5.0
4.869739478957916 5.0
4.879759519038076 5.0
4.889779559118236 5.0
4.8997995991983965 5.0
4.909819639278557 5.0
4.919839679358717 5.0
4.929859719438878 5.0
4.939879759519038 5.0
4.949899799599198 5.0
4.959919839679358 5.0
4.969939879759519 5.0
4.979959919839679 5.0
4.98997995991984 5.0
5.0 5.0
5.0 4.99
5.0 4.98
5.0 4.97
5.0 4.96
5.0 4.95
5.0 4.94
5.0 4.93
5.0 4.92
5.0 4.91
5.0 4.9
5.0 4.89
5.0 4.88
5.0 4.87
5.0 4.86
5.0 4.85
5.0 4.84
5.0 4.83
5.0 4.82
5.0 4.81
5.0 4.8
5.0 4.79
5.0 4.78
5.0 4.77
5.0 4.76
5.0 4.75
5.0 4.74
5.0 4.73
5.0 4.72
5.0 4.71
5.0 4.7
5.0 4.69
5.0 4.68
5.0 4.67
5.0 4.66
5.0 4.65
5.0 4.64
5.0 4.63
5.0 4.62
5.0 4.61
5.0 4.6
5.0 4.59
5.0 4.58
5.0 4.57
5.0 4.56
5.0 4.55
5.0 4.54
5.0 4.53
5.0 4.52
5.0 4.51
5.0 4.5
5.0 4.49
5.0 4.48
5.0 4.47
5.0 4.46
5.0 4.45
5.0 4.4399999999999995
5.0 4.43
5.0 4.42
5.0 4.41
5.0 4.4
5.0 4.39
5.0 4.38
5.0 4.37
5.0 4.36
5.0 4.35
5.0 4.34
5.0 4.33
5.0 4.32
5.0 4.31
5.0 4.3
5.0 4.29
5.0 4.28
5.0 4.27
5.0 4.26
5.0 4.25
5.0 4.24
5.0 4.23
5.0 4.22
5.0 4.21
5.0 4.2
5.0 4.1899999999999995
5.0 4.18
5.0 4.17
5.0 4.16
5.0 4.15
5.0 4.14
5.0 4.13
5.0 4.12
5.0 4.11
5.0 4.1
5.0 4.09
5.0 4.08
5.0 4.07
5.0 4.06
5.0 4.05
5.0 4.04
5.0 4.03
5.0 4.02
5.0 4.01
5.0 4.0
5.0 3.99
5.0 3.98
5.0 3.9699999999999998
5.0 3.96
5.0 3.95
5.0 3.94
5.0 3.9299999999999997
5.0 3.92
5.0 3.91
5.0 3.9
5.0 3.8899999999999997
5.0 3.88
5.0 3.87
5.0 3.86
5.0 3.8499999999999996
5.0 3.84
5.0 3.83
5.0 3.8200000000000003
5.0 3.81
5.0 3.8
5.0 3.79
5.0 3.7800000000000002
5.0 3.77
5.0 3.76
5.0 3.75
5.0 3.74
5.0 3.73
5.0 3.7199999999999998
5.0 3.71
5.0 3.7
5.0 3.69
5.0 3.6799999999999997
5.0 3.67
5.0 3.66
5.0 3.65
5.0 3.6399999999999997
5.0 3.63
5.0 3.62
5.0 3.61
5.0 3.5999999999999996
5.0 3.59
5.0 3.58
5.0 3.5700000000000003
5.0 3.56
5.0 3.55
5.0 3.54
5.0 3.5300000000000002
5.0 3.52
5.0 3.51
5.0 3.5
5.0 3.49
5.0 3.48
5.0 3.4699999999999998
5.0 3.46
5.0 3.45
5.0 3.44
5.0 3.4299999999999997
5.0 3.42
5.0 3.41
5.0 3.4
5.0 3.3899999999999997
5.0 3.38
5.0 3.37
5.0 3.36
5.0 3.3499999999999996
5.0 3.34
5.0 3.33
5.0 3.3200000000000003
5.0 3.31
5.0 3.3
5.0 3.29
5.0 3.2800000000000002
5.0 3.27
5.0 3.26
5.0 3.25
5.0 3.24
5.0 3.23
5.0 3.2199999999999998
5.0 3.21
5.0 3.2
5.0 3.19
5.0 3.1799999999999997
5.0 3.17
5.0 3.16
5.0 3.15
5.0 3.1399999999999997
5.0 3.13
5.0 3.12
5.0 3.11
5.0 3.0999999999999996
5.0 3.09
5.0 3.08
5.0 3.0700000000000003
5.0 3.06
5.0 3.05
5.0 3.04
5.0 3.0300000000000002
5.0 3.02
5.0 3.01
5.0 3.0
5.0 2.9899999999999998
5.0 2.98
5.0 2.9699999999999998
5.0 2.96
5.0 2.95
5.0 2.94
5.0 2.93
5.0 2.92
5.0 2.91
5.0 2.9
5.0 2.89
5.0 2.88
5.0 2.87
5.0 2.86
5.0 2.85
5.0 2.84
5.0 2.83
5.0 2.82
5.0 2.81
5.0 2.8
5.0 2.79
5.0 2.78
5.0 2.77
5.0 2.76
5.0 2.75
5.0 2.7399999999999998
5.0 2.73
5.0 2.7199999999999998
5.0 2.71
5.0 2.6999999999999997
5.0 2.69
5.0 2.68
5.0 2.67
5.0 2.66
5.0 2.65
5.0 2.64
5.0 2.63
5.0 2.62
5.0 2.61
5.0 2.6
5.0 2.59
5.0 2.58
5.0 2.57
5.0 2.56
5.0 2.55
5.0 2.54
5.0 2.53
5.0 2.52
5.0 2.51
5.0 2.5
5.0 2.4899999999999998
5.0 2.48
5.0 2.4699999999999998
5.0 2.46
5.0 2.4499999999999997
5.0 2.44
5.0 2.43
5.0 2.42
5.0 2.41
5.0 2.4
5.0 2.39
5.0 2.38
5.0 2.37
5.0 2.36
5.0 2.35
5.0 2.34
5.0 2.33
5.0 2.32
5.0 2.31
5.0 2.3
5.0 2.29
5.0 2.28
5.0 2.27
5.0 2.26
5.0 2.25
5.0 2.2399999999999998
5.0 2.23
5.0 2.2199999999999998
5.0 2.21
5.0 2.1999999999999997
5.0 2.19
5.0 2.18
5.0 2.17
5.0 2.16
5.0 2.15
5.0 2.14
5.0 2.13
5.0 2.12
5.0 2.11
5.0 2.1
5.0 2.09
5.0 2.08
5.0 2.07
5.0 2.06
5.0 2.05
5.0 2.04
5.0 2.03
5.0 2.02
5.0 2.01
5.0 2.0
5.0 1.9899999999999998
5.0 1.98
5.0 1.9699999999999998
5.0 1.96
5.0 1.9499999999999997
5.0 1.94
5.0 1.9299999999999997
5.0 1.92
5.0 1.9100000000000001
5.0 1.9
5.0 1.8900000000000001
5.0 1.88
5.0 1.87
5.0 1.8599999999999999
5.0 1.85
5.0 1.8399999999999999
5.0 1.83
5.0 1.8199999999999998
5.0 1.81
5.0 1.7999999999999998
5.0 1.79
5.0 1.7799999999999998
5.0 1.77
5.0 1.7599999999999998
5.0 1.75
5.0 1.7399999999999998
5.0 1.73
5.0 1.7199999999999998
5.0 1.71
5.0 1.6999999999999997
5.0 1.69
5.0 1.6799999999999997
5.0 1.67
5.0 1.6600000000000001
5.0 1.65
5.0 1.6400000000000001
5.0 1.63
5.0 1.62
5.0 1.6099999999999999
5.0 1.6
5.0 1.5899999999999999
5.0 1.58
5.0 1.5699999999999998
5.0 1.56
5.0 1.5499999999999998
5.0 1.54
5.0 1.5299999999999998
5.0 1.52
5.0 1.5099999999999998
5.0 1.5
5.0 1.4899999999999998
5.0 1.48
5.0 1.4699999999999998
5.0 1.46
5.0 1.4499999999999997
5.0 1.44
5.0 1.4299999999999997
5.0 1.42
5.0 1.4100000000000001
5.0 1.4
5.0 1.3900000000000001
5.0 1.38
5.0 1.37
5.0 1.3599999999999999
5.0 1.35
5.0 1.3399999999999999
5.0 1.33
5.0 1.3199999999999998
5.0 1.31
5.0 1.2999999999999998
5.0 1.29
5.0 1.2799999999999998
5.0 1.27
5.0 1.2599999999999998
5.0 1.25
5.0 1.2399999999999998
5.0 1.23
5.0 1.2199999999999998
5.0 1.21
5.0 1.1999999999999997
5.0 1.19
5.0 1.1799999999999997
5.0 1.17
5.0 1.1600000000000001
5.0 1.15
5.0 1.1400000000000001
5.0 1.13
5.0 1.12
5.0 1.1099999999999999
5.0 1.1
5.0 1.0899999999999999
5.0 1.08
5.0 1.0699999999999998
5.0 1.06
5.0 1.0499999999999998
5.0 1.04
5.0 1.0299999999999998
5.0 1.02
5.0 1.0099999999999998
5.0 1.0
5.0 0.9900000000000002
5.0 0.9799999999999995
5.0 0.9699999999999998
5.0 0.96
5.0 0.9500000000000002
5.0 0.9399999999999995
5.0 0.9299999999999997
5.0 0.9199999999999999
5.0 0.9100000000000001
5.0 0.9000000000000004
5.0 0.8899999999999997
5.0 0.8799999999999999
5.0 0.8700000000000001
5.0 0.8600000000000003
5.0 0.8499999999999996
5.0 0.8399999999999999
5.0 0.8300000000000001
5.0 0.8200000000000003
5.0 0.8099999999999996
5.0 0.7999999999999998
5.0 0.79
5.0 0.7800000000000002
5.0 0.7699999999999996
5.0 0.7599999999999998
5.0 0.75
5.0 0.7400000000000002
5.0 0.7299999999999995
5.0 0.7199999999999998
5.0 0.71
5.0 0.7000000000000002
5.0 0.6899999999999995
5.0 0.6799999999999997
5.0 0.6699999999999999
5.0 0.6600000000000001
5.0 0.6499999999999995
5.0 0.6399999999999997
5.0 0.6299999999999999
5.0 0.6200000000000001
5.0 0.6100000000000003
5.0 0.5999999999999996
5.0 0.5899999999999999
5.0 0.5800000000000001
5.0 0.5700000000000003
5.0 0.5599999999999996
5.0 0.5499999999999998
5.0 0.54
5.0 0.5300000000000002
5.0 0.5199999999999996
5.0 0.5099999999999998
5.0 0.5
5.0 0.4900000000000002
5.0 0.47999999999999954
5.0 0.46999999999999975
5.0 0.45999999999999996
5.0 0.4500000000000002
5.0 0.4399999999999995
5.0 0.4299999999999997
5.0 0.41999999999999993
5.0 0.41000000000000014
5.0 0.39999999999999947
5.0 0.3899999999999997
5.0 0.3799999999999999
5.0 0.3700000000000001
5.0 0.3600000000000003
5.0 0.34999999999999964
5.0 0.33999999999999986
5.0 0.33000000000000007
5.0 0.3200000000000003
5.0 0.3099999999999996
5.0 0.2999999999999998
5.0 0.29000000000000004
5.0 0.28000000000000025
5.0 0.2699999999999996
5.0 0.2599999999999998
5.0 0.25
5.0 0.2400000000000002
5.0 0.22999999999999954
5.0 0.21999999999999975
5.0 0.20999999999999996
5.0 0.20000000000000018
5.0 0.1899999999999995
5.0 0.17999999999999972
5.0 0.16999999999999993
5.0 0.16000000000000014
5.0 0.14999999999999947
5.0 0.13999999999999968
5.0 0.1299999999999999
5.0 0.1200000000000001
5.0 0.11000000000000032
5.0 0.09999999999999964
5.0 0.08999999999999986
5.0 0.08000000000000007
5.0 0.07000000000000028
5.0 0.05999999999999961
5.0 0.04999999999999982
5.0 0.040000000000000036
5.0 0.03000000000000025
5.0 0.019999999999999574
5.0 0.009999999999999787
5.0 0.0
4.99 0.0
4.98 0.0
4.97 0.0
4.96 0.0
4.95 0.0
4.94 0.0
4.93 0.0
4.92 0.0
4.91 0.0
4.9 0.0
4.89 0.0
4.88 0.0
4.87 0.0
4.86 0.0
4.85 0.0
4.84 0.0
4.83 0.0
4.82 0.0
4.81 0.0
4.8 0.0
4.79 0.0
4.78 0.0
4.77 0.0
4.76 0.0
4.75 0.0
4.74 0.0
4.73 0.0
4.72 0.0
4.71 0.0
4.7 0.0
4.69 0.0
4.68 0.0
4.67 0.0
4.66 0.0
4.65 0.0
4.64 0.0
4.63 0.0
4.62 0.0
4.61 0.0
4.6 0.0
4.59 0.0
4.58 0.0
4.57 0.0
4.56 0.0
4.55 0.0
4.54 0.0
4.53 0.0
4.52 0.0
4.51 0.0
4.5 0.0
4.49 0.0
4.48 0.0
4.47 0.0
4.46 0.0
4.45 0.0
4.4399999999999995 0.0
4.43 0.0
4.42 0.0
4.41 0.0
4.4 0.0
4.39 0.0
4.38 0.0
4.37 0.0
4.36 0.0
4.35 0.0
4.34 0.0
4.33 0.0
4.32 0.0
4.31 0.0
4.3 0.0
4.29 0.0
4.28 0.0
4.27 0.0
4.26 0.0
4.25 0.0
4.24 0.0
4.23 0.0
4.22 0.0
4.21 0.0
4.2 0.0
4.1899999999999995 0.0
4.18 0.0
4.17 0.0
4.16 0.0
4.15 0.0
4.14 0.0
4.13 0.0
4.12 0.0
4.11 0.0
4.1 0.0
4.09 0.0
4.08 0.0
4.07 0.0
4.06 0.0
4.05 0.0
4.04 0.0
4.03 0.0
4.02 0.0
4.01 0.0
4.0 0.0
3.99 0.0
3.98 0.0
3.9699999999999998 0.0
3.96 0.0
3.95 0.0
3.94 0.0
3.9299999999999997 0.0
3.92 0.0
3.91 0.0
3.9 0.0
3.8899999999999997 0.0
3.88 0.0
3.87 0.0
3.86 0.0
3.8499999999999996 0.0
3.84 0.0
3.83 0.0
3.8200000000000003 0.0
3.81 0.0
3.8 0.0
3.79 0.0
3.7800000000000002 0.0
3.77 0.0
3.76 0.0
3.75 0.0
3.74 0.0
3.73 0.0
3.7199999999999998 0.0
3.71 0.0
3.7 0.0
3.69 0.0
3.6799999999999997 0.0
3.67 0.0
3.66 0.0
3.65 0.0
3.6399999999999997 0.0
3.63 0.0
3.62 0.0
3.61 0.0
3.5999999999999996 0.0
3.59 0.0
3.58 0.0
3.5700000000000003 0.0
3.56 0.0
3.55 0.0
3.54 0.0
3.5300000000000002 0.0
3.52 0.0
3.51 0.0
3.5 0.0
3.49 0.0
3.48 0.0
3.4699999999999998 0.0
3.46 0.0
3.45 0.0
3.44 0.0
3.4299999999999997 0.0
3.42 0.0
3.41 0.0
3.4 0.0
3.3899999999999997 0.0
3.38 0.0
3.37 0.0
3.36 0.0
3.3499999999999996 0.0
3.34 0.0
3.33 0.0
3.3200000000000003 0.0
3.31 0.0
3.3 0.0
3.29 0.0
3.2800000000000002 0.0
3.27 0.0
3.26 0.0
3.25 0.0
3.24 0.0
3.23 0.0
3.2199999999999998 0.0
3.21 0.0
3.2 0.0
3.19 0.0
3.1799999999999997 0.0
3.17 0.0
3.16 0.0
3.15 0.0
3.1399999999999997 0.0
3.13 0.0
3.12 0.0
3.11 0.0
3.0999999999999996 0.0
3.09 0.0
3.08 0.0
3.0700000000000003 0.0
3.06 0.0
3.05 0.0
3.04 0.0
3.0300000000000002 0.0
3.02 0.0
3.01 0.0
3.0 0.0
2.9899999999999998 0.0
2.98 0.0
2.9699999999999998 0.0
2.96 0.0
2.95 0.0
2.94 0.0
2.93 0.0
2.92 0.0
2.91 0.0
2.9 0.0
2.89 0.0
2.88 0.0
2.87 0.0
2.86 0.0
2.85 0.0
2.84 0.0
2.83 0.0
2.82 0.0
2.81 0.0
2.8 0.0
2.79 0.0
2.78 0.0
2.77 0.0
2.76 0.0
2.75 0.0
2.7399999999999998 0.0
2.73 0.0
2.7199999999999998 0.0
2.71 0.0
2.6999999999999997 0.0
2.69 0.0
2.68 0.0
2.67 0.0
2.66 0.0
2.65 0.0
2.64 0.0
2.63 0.0
2.62 0.0
2.61 0.0
2.6 0.0
2.59 0.0
2.58 0.0
2.57 0.0
2.56 0.0
2.55 0.0
2.54 0.0
2.53 0.0
2.52 0.0
2.51 0.0
2.5 0.0
2.4899999999999998 0.0
2.48 0.0
2.4699999999999998 0.0
2.46 0.0
2.4499999999999997 0.0
2.44 0.0
2.43 0.0
2.42 0.0
2.41 0.0
2.4 0.0
2.39 0.0
2.38 0.0
2.37 0.0
2.36 0.0
2.35 0.0
2.34 0.0
2.33 0.0
2.32 0.0
2.31 0.0
2.3 0.0
2.29 0.0
2.28 0.0
2.27 0.0
2.26 0.0
2.25 0.0
2.2399999999999998 0.0
2.23 0.0
2.2199999999999998 0.0
2.21 0.0
2.1999999999999997 0.0
2.19 0.0
2.18 0.0
2.17 0.0
2.16 0.0
2.15 0.0
2.14 0.0
2.13 0.0
2.12 0.0
2.11 0.0
2.1 0.0
2.09 0.0
2.08 0.0
2.07 0.0
2.06 0.0
2.05 0.0
2.04 0.0
2.03 0.0
2.02 0.0
2.01 0.0
2.0 0.0
1.9899999999999998 0.0
1.98 0.0
1.9699999999999998 0.0
1.96 0.0
1.9499999999999997 0.0
1.94 0.0
1.9299999999999997 0.0
1.92 0.0
1.9100000000000001 0.0
1.9 0.0
1.8900000000000001 0.0
1.88 0.0
1.87 0.0
1.8599999999999999 0.0
1.85 0.0
1.8399999999999999 0.0
1.83 0.0
1.8199999999999998 0.0
1.81 0.0
1.7999999999999998 0.0
1.79 0.0
1.7799999999999998 0.0
1.77 0.0
1.7599999999999998 0.0
1.75 0.0
1.7399999999999998 0.0
1.73 0.0
1.7199999999999998 0.0
1.71 0.0
1.6999999999999997 0.0
1.69 0.0
1.6799999999999997 0.0
1.67 0.0
1.6600000000000001 0.0
1.65 0.0
1.6400000000000001 0.0
1.63 0.0
1.62 0.0
1.6099999999999999 0.0
1.6 0.0
1.5899999999999999 0.0
1.58 0.0
1.5699999999999998 0.0
1.56 0.0
1.5499999999999998 0.0
1.54 0.0
1.5299999999999998 0.0
1.52 0.0
1.5099999999999998 0.0
1.5 0.0
1.4899999999999998 0.0
1.48 0.0
1.4699999999999998 0.0
1.46 0.0
1.4499999999999997 0.0
1.44 0.0
1.4299999999999997 0.0
1.42 0.0
1.4100000000000001 0.0
1.4 0.0
1.3900000000000001 0.0
1.38 0.0
1.37 0.0
1.3599999999999999 0.0
1.35 0.0
1.3399999999999999 0.0
1.33 0.0
1.3199999999999998 0.0
1.31 0.0
1.2999999999999998 0.0
1.29 0.0
1.2799999999999998 0.0
1.27 0.0
1.2599999999999998 0.0
1.25 0.0
1.2399999999999998 0.0
1.23 0.0
1.2199999999999998 0.0
1.21 0.0
1.1999999999999997 0.0
1.19 0.0
1.1799999999999997 0.0
1.17 0.0
1.1600000000000001 0.0
1.15 0.0
1.1400000000000001 0.0
1.13 0.0
1.12 0.0
1.1099999999999999 0.0
1.1 0.0
1.0899999999999999 0.0
1.08 0.0
1.0699999999999998 0.0
1.06 0.0
1.0499999999999998 0.0
1.04 0.0
1.0299999999999998 0.0
1.02 0.0
1.0099999999999998 0.0
1.0 0.0
0.9900000000000002 0.0
0.9799999999999995 0.0
0.9699999999999998 0.0
0.96 0.0
0.9500000000000002 0.0
0.9399999999999995 0.0
0.9299999999999997 0.0
0.9199999999999999 0.0
0.9100000000000001 0.0
0.9000000000000004 0.0
0.8899999999999997 0.0
0.8799999999999999 0.0
0.8700000000000001 0.0
0.8600000000000003 0.0
0.8499999999999996 0.0
0.8399999999999999 0.0
0.8300000000000001 0.0
0.8200000000000003 0.0
0.8099999999999996 0.0
0.7999999999999998 0.0
0.79 0.0
0.7800000000000002 0.0
0.7699999999999996 0.0
0.7599999999999998 0.0
0.75 0.0
0.7400000000000002 0.0
0.7299999999999995 0.0
0.7199999999999998 0.0
0.71 0.0
0.7000000000000002 0.0
0.6899999999999995 0.0
0.6799999999999997 0.0
0.6699999999999999 0.0
0.6600000000000001 0.0
0.6499999999999995 0.0
0.6399999999999997 0.0
0.6299999999999999 0.0
0.6200000000000001 0.0
0.6100000000000003 0.0
0.5999999999999996 0.0
0.5899999999999999 0.0
0.5800000000000001 0.0
0.5700000000000003 0.0
0.5599999999999996 0.0
0.5499999999999998 0.0
0.54 0.0
0.5300000000000002 0.0
0.5199999999999996 0.0
0.5099999999999998 0.0
0.5 0.0
0.4900000000000002 0.0
0.47999999999999954 0.0
0.46999999999999975 0.0
0.45999999999999996 0.0
0.4500000000000002 0.0
0.4399999999999995 0.0
0.4299999999999997 0.0
0.41999999999999993 0.0
0.41000000000000014 0.0
0.39999999999999947 0.0
0.3899999999999997 0.0
0.3799999999999999 0.0
0.3700000000000001 0.0
0.3600000000000003 0.0
0.34999999999999964 0.0
0.33999999999999986 0.0
0.33000000000000007 0.0
0.3200000000000003 0.0
0.3099999999999996 0.0
0.2999999999999998 0.0
0.29000000000000004 0.0
0.28000000000000025 0.0
0.2699999999999996 0.0
0.2599999999999998 0.0
0.25 0.0
0.2400000000000002 0.0
0.22999999999999954 0.0
0.21999999999999975 0.0
0.20999999999999996 0.0
0.20000000000000018 0.0
0.1899999999999995 0.0
0.17999999999999972 0.0
0.16999999999999993 0.0
0.16000000000000014 0.0
0.14999999999999947 0.0
0.13999999999999968 0.0
0.1299999999999999 0.0
0.1200000000000001 0.0
0.11000000000000032 0.0
0.09999999999999964 0.0
0.08999999999999986 0.0
0.08000000000000007 0.0
0.07000000000000028 0.0
0.05999999999999961 0.0
0.04999999999999982 0.0
0.040000000000000036 0.0
0.03000000000000025 0.0
0.019999999999999574 0.0
0.009999999999999787 0.0
0.0 0.0
0.0 0.0
0.0 0.0
0.0 0.0
0.0 0.0
0.0 0.0
0.0 0.0
0.0 0.0
0.0 0.0
0.0 0.0
0.0 0.0
0.0 0.0
0.0 0.0
0.0 0.0
0.0 0.0
0.0 0.0
0.0 0.0
0.0 0.0
0.0 0.0
0.0 0.0
0.0 0.0
0.0 0.0
0.0 0.0
0.0 0.0
0.0 0.0
0.0 0.0
0.0 0.0
0.0 0.0
0.0 0.0
0.0 0.0
0.0 0.0
0.0 0.0
0.0 0.0
0.0 0.0
0.0 0.0
0.0 0.0
0.0 0.0
0.0 0.0
0.0 0.0
0.0 0.0
0.0 0.0
0.0 0.0
0.0 0.0
0.0 0.0
0.0 0.0
0.0 0.0
0.0 0.0
0.0 0.0
0.0 0.0
0.0 0.0
0.0 0.0
0.0 0.0
0.0 0.0
0.0 0.0
0.0 0.0
0.0 0.0
0.0 0.0
0.0 0.0
0.0 0.0
0.0 0.0
0.0 0.0
0.0 0.0
0.0 0.0
0.0 0.0
0.0 0.0
0.0 0.0
0.0 0.0
0.0 0.0
0.0 0.0
0.0 0.0
0.0 0.0
0.0 0.0
0.0 0.0
0.0 0.0
0.0 0.0
0.0 0.0
0.0 0.0
0.0 0.0
0.0 0.0
0.0 0.0
0.0 0.0
0.0 0.0
0.0 0.0
0.0 0.0
0.0 0.0
0.0 0.0
0.0 0.0
0.0 0.0
0.0 0.0
0.0 0.0
0.0 0.0
0.0 0.0
0.0 0.0
0.0 0.0
0.0 0.0
0.0 0.0
0.0 0.0
0.0 0.0
0.0 0.0
0.0 0.0
0.0 0.0
0.0 0.0
0.0 0.0
0.0 0.0
0.0 0.0
0.0 0.0
0.0 0.0
0.0 0.0
0.0 0.0
0.0 0.0
0.0 0.0
0.0 0.0
0.0 0.0
0.0 0.0
0.0 0.0
0.0 0.0
0.0 0.0
0.0 0.0
0.0 0.0
0.0 0.0
0.0 0.0
0.0 0.0
0.0 0.0
0.0 0.0
0.0 0.0
0.0 0.0
0.0 0.0
0.0 0.0
0.0 0.0
0.0 0.0
0.0 0.0
0.0 0.0
0.0 0.0
0.0 0.0
0.0 0.0
0.0 0.0
0.0 0.0
0.0 0.0
0.0 0.0
0.0 0.0
0.0 0.0
0.0 0.0
0.0 0.0
0.0 0.0
0.0 0.0
0.0 0.0
0.0 0.0
0.0 0.0
0.0 0.0
0.0 0.0
0.0 0.0
0.0 0.0
0.0 0.0
0.0 0.0
0.0 0.0
0.0 0.0
0.0 0.0
0.0 0.0
0.0 0.0
0.0 0.0
0.0 0.0
0.0 0.0
0.0 0.0
0.0 0.0
0.0 0.0
0.0 0.0
0.0 0.0
0.0 0.0
0.0 0.0
0.0 0.0
0.0 0.0
0.0 0.0
0.0 0.0
0.0 0.0
0.0 0.0
0.0 0.0
0.0 0.0
0.0 0.0
0.0 0.0
0.0 0.0
0.0 0.0
0.0 0.0
0.0 0.0
0.0 0.0
0.0 0.0
0.0 0.0
0.0 0.0
0.0 0.0
0.0 0.0
0.0 0.0
0.0 0.0
0.0 0.0
0.0 0.0
0.0 0.0
0.0 0.0
0.0 0.0
0.0 0.0
0.0 0.0
0.0 0.0
0.0 0.0
0.0 0.0
0.0 0.0
0.0 0.0
0.0 0.0
0.0 0.0
0.0 0.0
0.0 0.0
0.0 0.0
0.0 0.0
0.0 0.0
0.0 0.0
0.0 0.0
0.0 0.0
0.0 0.0
0.0 0.0
0.0 0.0
0.0 0.0
0.0 0.0
0.0 0.0
0.0 0.0
0.0 0.0
0.0 0.0
0.0 0.0
0.0 0.0
0.0 0.0
0.0 0.0
0.0 0.0
0.0 0.0
0.0 0.0
0.0 0.0
0.0 0.0
0.0 0.0
0.0 0.0
0.0 0.0
0.0 0.0
0.0 0.0
0.0 0.0
0.0 0.0
0.0 0.0
0.0 0.0
0.0 0.0
0.0 0.0
0.0 0.0
0.0 0.0
0.0 0.0
0.0 0.0
0.0 0.0
0.0 0.0
0.0 0.0
0.0 0.0
0.0 0.0
0.0 0.0
0.0 0.0
0.0 0.0
0.0 0.0
0.0 0.0
0.0 0.0
0.0 0.0
0.0 0.0
0.0 0.0
0.0 0.0
0.0 0.0
0.0 0.0
0.0 0.0
0.0 0.0
0.0 0.0
0.0 0.0
0.0 0.0
0.0 0.0
0.0 0.0
0.0 0.0
0.0 0.0
0.0 0.0
0.0 0.0
0.0 0.0
0.0 0.0
0.0 0.0
0.0 0.0
0.0 0.0
0.0 0.0
0.0 0.0
0.0 0.0
0.0 0.0
0.0 0.0
0.0 0.0
0.0 0.0
0.0 0.0
0.0 0.0
0.0 0.0
0.0 0.0
0.0 0.0
0.0 0.0
0.0 0.0
0.0 0.0
0.0 0.0
0.0 0.0
0.0 0.0
0.0 0.0
0.0 0.0
0.0 0.0
0.0 0.0
0.0 0.0
0.0 0.0
0.0 0.0
0.0 0.0
0.0 0.0
0.0 0.0
0.0 0.0
0.0 0.0
0.0 0.0
0.0 0.0
0.0 0.0
0.0 0.0
0.0 0.0
0.0 0.0
0.0 0.0
0.0 0.0
0.0 0.0
0.0 0.0
0.0 0.0
0.0 0.0
0.0 0.0
0.0 0.0
0.0 0.0
0.0 0.0
0.0 0.0
0.0 0.0
0.0 0.0
0.0 0.0
0.0 0.0
0.0 0.0
0.0 0.0
0.0 0.0
0.0 0.0
0.0 0.0
0.0 0.0
0.0 0.0
0.0 0.0
0.0 0.0
0.0 0.0
0.0 0.0
0.0 0.0
0.0 0.0
0.0 0.0
0.0 0.0
0.0 0.0
0.0 0.0
0.0 0.0
0.0 0.0
0.0 0.0
0.0 0.0
0.0 0.0
0.0 0.0
0.0 0.0
0.0 0.0
0.0 0.0
0.0 0.0
0.0 0.0
0.0 0.0
0.0 0.0
0.0 0.0
0.0 0.0
0.0 0.0
0.0 0.0
0.0 0.0
0.0 0.0
0.0 0.0
0.0 0.0
0.0 0.0
0.0 0.0
0.0 0.0
0.0 0.0
0.0 0.0
0.0 0.0
0.0 0.0
0.0 0.0
0.0 0.0
0.0 0.0
0.0 0.0
0.0 0.0
0.0 0.0
0.0 0.0
0.0 0.0
0.0 0.0
0.0 0.0
0.0 0.0
0.0 0.0
0.0 0.0
0.0 0.0
0.0 0.0
0.0 0.0
0.0 0.0
0.0 0.0
0.0 0.0
0.0 0.0
0.0 0.0
0.0 0.0
0.0 0.0
0.0 0.0
0.0 0.0
0.0 0.0
0.0 0.0
0.0 0.0
0.0 0.0
0.0 0.0
0.0 0.0
0.0 0.0
0.0 0.0
0.0 0.0
0.0 0.0
0.0 0.0
0.0 0.0
0.0 0.0
0.0 0.0
0.0 0.0
0.0 0.0
0.0 0.0
0.0 0.0
0.0 0.0
0.0 0.0
0.0 0.0
0.0 0.0
0.0 0.0
0.0 0.0
0.0 0.0
0.0 0.0
0.0 0.0
0.0 0.0
0.0 0.0
0.0 0.0
0.0 0.0
0.0 0.0
0.0 0.0
0.0 0.0
0.0 0.0
0.0 0.0
0.0 0.0
0.0 0.0
0.0 0.0
0.0 0.0
0.0 0.0
0.0 0.0
0.0 0.0
0.0 0.0
0.0 0.0
0.0 0.0
0.0 0.0
0.0 0.0
0.0 0.0
0.0 0.0
0.0 0.0
0.0 0.0
0.0 0.0
0.0 0.0
0.0 0.0
0.0 0.0
0.0 0.0
0.0 0.0
0.0 0.0
0.0 0.0
0.0 0.0
0.0 0.0
0.0 0.0
0.0 0.0
0.0 0.0
0.0 0.0
0.0 0.0
0.0 0.0
0.0 0.0
0.0 0.0
0.0 0.0
0.0 0.0
0.0 0.0
0.0 0.0
0.0 0.0
0.0 0.0
0.0 0.0
0.0 0.0
0.0 0.0
0.0 0.0
0.0 0.0
0.0 0.0
0.0 0.0
0.0 0.0
0.0 0.0
0.0 0.0
0.0 0.0
0.0 0.0
0.0 0.0
0.0 0.0
0.0 0.0
0.0 0.0
0.0 0.0
0.0 0.0
0.0 0.0
0.0 0.0
0.0 0.0
0.0 0.0
0.0 0.0
0.0 0.0
0.0 0.0
