5.845866758712202
5.891846752099241
5.90090799621842
5.894521454040391
5.895134975103374
5.89594470643466
5.895730647519529
5.896251542749615
5.893601445953898
5.887484407843722
5.88142993015934
5.878119539472846
5.878575718206118
5.880992669457228
5.876671681505159
5.864675064916794
5.862105295931779
5.861634334545485
5.850018942717497
5.844536319398715
5.845694783770709
5.837471860359487
5.823509834308379
5.813050882001415
5.812527181376144
5.810683677374493
5.799250419976015
5.790977295299874
5.786722638377405
5.780912917863575
5.777960907237116
5.778700525822125
5.779118411620459
5.778428032428546
5.778339760725273
5.782086258499428
5.788503822713567
5.794229091373884
5.796121149651615
5.795439977727169
5.795402388848777
5.795409834636565
5.795422411173405
5.79611479717338
5.794377075403098
5.788740485482806
5.782272486453483
5.778406096767674
5.778445482488303
5.778947164838496
5.778765096293246
5.778739183634028
5.778780971836204
5.778771192899292
5.778780420653609
5.778753455203847
5.77873700140164
5.778928203345615
5.778649459210187
5.778164167467291
5.781025594026314
5.787195100815812
5.793326911206606
5.796091641965452
5.795576133425564
5.795315853371733
5.795511616236536
5.795496138314527
5.795430491524169
5.795493679637636
5.795593595285278
5.795133169345477
5.795451264724741
5.797238810806011
5.791719737798546
5.780101086625561
5.776706450800466
5.779683375117321
5.780365066419756
5.771632877583506
5.761347754759705
5.760581095382984
5.763751336730776
5.76230997886598
5.751545301606941
5.743539074333557
5.744711414820129
5.747554333271587
5.743229035844247
5.731423012821929
5.727459359783417
5.72856592633445
5.723803625653793
5.716772511541599
5.71210152839247
5.711605469904222
5.711872230813638
5.711691104483232
5.713725288710086
5.710069680573679
5.698064146463078
5.694888134777764
5.694894987772718
5.683896216141654
5.676381666315897
5.678259512316183
5.680737802565575
5.675441943669555
5.663816269794766
5.659740194700008
5.66255348640587
5.663722055634894
5.655341385152633
5.644904987896819
5.644580412932032
5.643999981053682
5.637611575861773
5.630580569942251
5.628715491806431
5.629616382333691
5.620356768329711
5.611136646864213
5.612423239783252
5.60635819810208
5.594889066679837
5.593259947085808
5.596467098733482
5.595795939629544
5.586162072921641
5.576024080512873
5.571254514658954
5.565813845923419
5.561282636462363
5.561223994884331
5.561859633524263
5.561649663976011
5.561608177087605
5.561663443950661
5.561652002339431
5.56164580742394
5.561650218201157
5.56164983929149
5.561648962118206
5.56164952580303
5.561650077671692
5.561647638313473
5.56164918024003
5.561658687080717
5.561631835608221
5.561631016637284
5.561773020414662
5.561502873232214
5.561256113452778
5.563161051001612
5.5608897040602
5.54944801014922
5.543167479403096
5.544858048559214
5.54532579276495
5.544833026901133
5.544917321433404
5.544982868534366
5.544938224396942
5.544932946011032
5.544989056445788
5.544932428207692
5.544774043317382
5.545373923062161
5.54510894447136
5.540768725519822
5.534258474474789
5.528942837181659
5.527462414000163
5.5285146989902
5.528913216864473
5.525684703243269
5.519530544736515
5.513615728564489
5.510584402435903
5.511313413863925
5.513609945189528
5.508365701981861
5.496508824878053
5.4948692521666
5.493577271952711
5.481639192132184
5.477258161377322
5.478029325296925
5.468733221008938
5.455627934005483
5.445608299228793
5.43984296494478
5.434471515470375
5.428736636969342
5.428445439768318
5.427251778164516
5.417107591978627
5.403169627687498
5.394610007714814
5.396113797970497
5.389435163113027
5.37171114168845
5.362004054296037
5.361785605844484
5.36263945869975
5.353496758539667
5.343991404404235
5.34505414746279
5.339907174100376
5.327955305869145
5.322001957598545
5.316974704701113
5.311453629576235
5.312107896670907
5.309105041812043
5.29734259116691
5.292154328932119
5.294850229033581
5.29656605809296
5.288678362923413
5.277906701868524
5.278206232447194
5.274513688304678
5.26251325082975
5.259862617822339
5.260657935476711
5.255195259190439
5.247945759600423
5.24425565343917
5.245183346605521
5.240741321481054
5.22845185780304
5.215463118247383
5.210507068891671
5.21156224329806
5.203587075986553
5.192243069545755
5.186958185684871
5.183727081828499
5.176821979847646
5.164871055763119
5.160067231187147
5.161028064768234
5.153107154089039
5.139234389399328
5.128460666163046
5.127927050971766
5.125976118623197
5.114036827220127
5.109803871560474
5.1105663257205117
5.1014875121271024
5.087298365795288
5.0776393214004986
5.078598158942404
5.0738083256127675
5.056338724269073
5.045038086743366
5.0443291798678837
5.046186665569275
5.03528965307298
5.0186110425293487
5.0132015738383126
5.005941911803866
4.9946057190519394
4.9935504872521335
4.992273465507255
4.981012198005639
4.9675065813085695
4.9599281887189477
4.960436689807292
4.957767629453371
4.943740802465308
4.9198679643985594
4.9084511463940805
4.910669131481598
4.901428064760653
4.892709932007918
4.894278873412952
4.886721289739374
4.876192960947321
4.876399977085091
4.875303180139712
4.868713449574054
4.86253234820149
4.8593727227206796
4.859796575105376
4.8620503915923973
4.8580535197074016
4.846316875450813
4.841700488472191
4.843644600285845
4.843813444211137
4.8432335939819535
4.843441597353245
4.844161226219565
4.8421945512891415
4.836458710558984
4.830000798575976
4.8263837318858526
4.826600393222876
4.826557196160298
4.826916019096386
4.828514788899456
4.8219120025474865
4.8105868162669304
4.808747607768009
4.8102698835231087
4.8098874564451563
4.811662475695823
4.8084024817772695
4.796592805282993
4.7920586911444843
4.793332218388323
4.7888982582299815
4.7814155873347767
4.7767502950904407
4.778072187119254
4.773680327484474
4.761703264069792
4.7599736054445526
4.7586934920854696
4.746659367126012
4.742788786568595
4.7430963727577995
4.7318954673909315
4.725509692493697
4.7268366574355105
4.7190798755861744
4.705891221167076
4.6952510556497924
4.689021303411124
4.683828027089539
4.6776184327896624
4.6771453163546533
4.676406630480755
4.6649967080835785
4.6590932341030594
4.6603341228703596
4.650431775843904
4.642287181509768
4.643882723364035
4.6356128456777395
4.6258960237070863
4.627597586718445
4.619187199084531
4.6015091432606476
4.5939121795956675
4.592568442441605
4.592676295370412
4.594763913723114
4.590686011382283
4.578845875898599
4.575041157401558
4.5761212839163807
4.5712427436929147
4.5642490377053434
4.559641622643976
4.5590807064047567
4.5596769826565554
4.559560430384102
4.559676653707583
4.559370480158968
4.559006876095272
4.5622003354415057
4.568498379865483
4.574497011549338
4.5768633437323
4.57628271459531
4.576321247764942
4.575933689328716
4.5757814287878955
4.5800313474396194
4.5855947266039107
4.590222765583503
4.6000176748240955
4.610059420449083
4.6111980313872397
4.60807089549324
4.609086920869376
4.619909970493206
4.627523282594238
4.6263544199283587
4.6294430417746116
4.635778966528815
4.640673746841503
4.648405951238686
4.660328541207975
4.6728800898538555
4.676619479330924
4.6759389700560735
4.686314169822153
4.693968751349625
4.6924480391464823
4.700635423525626
4.7107414569138393
4.710259649809528
4.7116410462321977
4.718356242156854
4.724574072519832
4.7271279076493175
4.726638112872416
4.7265953033323586
4.726362180903135
4.726089676736024
4.729519749270152
4.735896775712752
4.741759104947072
4.743932436374842
4.743271163390581
4.743104370742788
4.7433818460683403
4.7433391605693333
4.742788350696781
4.7438710139590466
4.744689667741011
4.7360144356587324
4.7258676548290344
4.7256528927685025
4.726712557573971
4.726533640153855
4.728256444518384
4.7229672701146023
4.711296116749616
4.7080559259012244
4.7104016150879585
4.710608501097566
4.70699388781756
4.700871175524004
4.6950263866822866
4.692186842369221
4.693045055287149
4.695067765615387
4.6897824460213786
4.678137144013206
4.674356098198821
4.6772595405767447
4.678208834986721
4.669655464866199
4.659308583196022
4.6587676824498857
4.659906633477725
4.659673037775011
4.66149719588872
4.6565608235294314
4.644780392629117
4.6419790191992297
4.64273387311537
4.6373733611410506
4.6306061470769464
4.6262107222570256
4.625432540167209
4.627694858610514
4.626995088865009
4.6160431629580825
4.608905555464911
4.610337668424861
4.6022891408570786
4.591803828483779
4.591564425895894
4.594819193053751
4.592732524234687
4.5816358553946384
4.57428429894184
4.57582505003267
4.5784709181101647
4.5734241082506105
4.561659768331356
4.5584311576498766
4.559331730997984
4.5542190995727856
4.547275516941537
4.5428320470356215
4.5423855422017743
4.543031449813734
4.542897109060713
4.542638116703811
4.5430855157067475
4.5433575018282164
4.5399532003238437
4.533598426697513
4.527690410681829
4.525548331035009
4.526141217332956
4.525973372270789
4.526695536371637
4.526720487952956
4.5208216271377864
4.5182485422055953
4.5244188601973985
4.5272724532520397
4.5260357019467756
4.5259658204730704
4.526229035935953
4.526150569738317
4.526126707268802
4.5261585466773664
4.526155573960059
4.52610082497063
4.5261975533456854
4.5262948154177366
4.525603281508296
4.5263824146063774
4.531287269855979
4.537867699298945
4.54268565199293
4.543375189928616
4.542695682980742
4.5428046340215104
4.5428922103046347
4.5428415074796703
4.5428451511108716
4.542844773464239
4.542850911421842
4.542881913558211
4.5427689816363073
4.5428117444336283
4.543323439595276
4.54209141382856
4.5416628078620346
4.550871162109284
4.5606249167748797
4.5606126537537756
4.558449143272548
4.559697544190691
4.565000585076451
4.5697999712604377
4.575260797451511
4.5869455303932546
4.593559849553242
4.592194965161747
4.600270906124069
4.610684893945633
4.610838196591936
4.608545277486329
4.60971926366695
4.61496481929924
4.6198354091676083
4.6251839115518885
4.636641368699455
4.643845696026827
4.6426558210099773
4.6484284250555635
4.661838105970966
4.673982080946689
4.676343642236209
4.6764324751191924
4.6876535167469467
4.6938868860440044
4.6925659742532235
4.7022629674749714
4.710685291931934
4.7091663711969557
4.716599229248714
4.727311905244868
4.7275418693004946
4.726793720333365
4.7345214580055915
4.7520253649928475
4.7615131689879814
4.759773333949048
4.766355550697263
4.78022234999447
4.7916154945657416
4.7934154759523136
4.793851377580187
4.804075131369161
4.815778039592277
4.826174125219448
4.8385046370487095
4.8441492178439665
4.843055306000405
4.849839679359431
4.8633489286276193
4.874887080128996
4.877106492508013
4.877188171049463
4.8867323180388297
4.900397180524979
4.909952125873385
4.9105404322562237
4.9113905788533214
4.9173794741294955
4.92188187241717
4.929117398989494
4.9410663106632467
4.94378820337535
4.944006558393773
4.9555219978182004
4.961069687383669
4.9599667312541436
4.9702276050089154
4.977955437380162
4.976437557915422
4.9844779923374557
4.9948792061416486
4.9949158755792865
4.992796820946237
4.993877806209385
4.9985386072858887
5.005383286525153
5.010340864559524
5.0093346565214813
5.0129543050166865
5.024753222437956
5.0294026716381785
5.02664208298726
5.0252997697809
5.0330187810143036
5.0439399691452655
5.0456556675663916
5.0424680014062886
5.043001012295702
5.0532389552732127
5.061909651650933
5.061198809096247
5.06029302674405
5.060554133439507
5.0600405913875284
5.0627050966004623
5.068836936651781
5.0748928569277683
5.078151569698328
5.0776753696734426
5.075414743515819
5.079514881531657
5.091256464801796
5.0957650779984994
5.093830611005052
5.0937190638033087
5.0941304040276
5.0940085943435156
5.0939765416924064
5.0940114238725215
5.0940052493242865
5.0940009482865526
5.09400364078382
5.09400347012583
5.094003082824649
5.094003195938886
5.094002997275565
5.094003785994146
5.094003404613376
5.093999820943971
5.0940089610804796
5.0940110563010853
5.0939591083686366
5.094047657817301
5.0941561636269313
5.0934760774442907
5.094168934388683
5.0989901339875433
5.10557067664529
5.1104723165657236
5.11124770216465
5.110557496216256
5.1106555307446325
5.11074651676523
5.1107005077230474
5.110710161873382
5.110671079641674
5.110712181426671
5.110881653288622
5.110309072147639
5.1104635755818373
5.1146718528269173
5.121111211779294
5.126507404765089
5.128464154086105
5.126977211342767
5.125698491978667
5.133276624458956
5.144226704489499
5.145847928175672
5.142663122978928
5.143284957373237
5.153447824326313
5.162339520814617
5.161778643707114
5.15878275534192
5.161963640515892
5.173501186601616
5.179426619809352
5.177527430386822
5.17637738347986
5.17934476401425
5.18507023679405
5.189458002402353
5.196947894286332
5.208414829036292
5.21291190758102
5.210507742338168
5.208980861469568
5.216301619519709
5.22740299884666
5.229439847554477
5.22630441909758
5.226559263605141
5.236386208901074
5.245673020027853
5.245428043798064
5.242375332236194
5.245064988607259
5.256416019709068
5.26307854613898
5.261204810563449
5.258882685760234
5.264444620359493
5.276043001838375
5.279798975627091
5.276947633586576
5.27600734300994
5.284361526386701
5.294910409453513
5.296024142708939
5.292811772235331
5.29391727259487
5.304601396628856
5.312608120469167
5.311569633896493
5.310834040495633
5.31105259462083
5.310634914639111
5.313447263676012
5.319845003973811
5.326361465956102
5.327362037747428
5.327301394109302
5.337490575728502
5.345990559365853
5.344991180167447
5.344493374612164
5.344228291442589
5.34296280405983
5.350552633181583
5.361410343412797
5.362445104130973
5.36086480447653
5.361229861441848
5.360727992780601
5.362135391522246
5.367664317295729
5.37468835470366
5.377936222898912
5.376645563582415
5.383432015426959
5.394667268128541
5.396442844521503
5.393205875636468
5.393742518602794
5.403827689358709
5.412818258752795
5.41233786837402
5.409341010335204
5.412370345237534
5.423822206675334
5.430130797068043
5.428101270165578
5.425914294923446
5.431835955993943
5.443374692428004
5.446779144845029
5.443852388027587
5.443127490783924
5.451794040459715
5.462127528123776
5.462955901380615
5.459740948043973
5.461151153617443
5.472055926186583
5.479650211899209
5.478460368315943
5.478175165446628
5.477707288945194
5.476647189273664
5.484999415262721
5.495306408772681
5.495364899414677
5.496167836259635
5.502697637335773
5.509590262876224
5.511284822578518
5.510604133594234
5.519603735349745
5.529500920978434
5.529497936056833
5.526344886634589
5.528708422400225
5.53992590636681
5.546983844550507
5.545269381870041
5.542645824454802
5.548245175250786
5.560033627827418
5.561708842460998
5.562860007567651
5.574481960401872
5.580647773256599
5.578207622054952
5.576228428970271
5.582849353481909
5.594217878634722
5.596755435897708
5.594367660404305
5.594343416352381
5.598668090674927
5.60415810974722
5.608697675924896
5.618221558961897
5.62855706220603
5.630123347251235
5.626965992725022
5.627563714303085
5.638357045533444
5.645882194449556
5.64444025820565
5.652050858706509
5.662803853402377
5.663361464249876
5.660073287211089
5.661806500175862
5.672720984359662
5.680463300260246
5.679130772025762
5.676280433095981
5.681083600157792
5.69301949088853
5.695488514175595
5.695959277032932
5.707252155596415
5.714237079217366
5.712082180803217
5.709640759890249
5.715941125435941
5.727523917263612
5.728566726320729
5.73037292730729
5.7422204431759
5.747452779800168
5.745118080887061
5.744280779107185
5.747783384224483
5.75346293366377
5.757642770053408
5.766236056452963
5.777569071631838
5.778616336146837
5.780281088818751
5.79200976980773
5.797798556999849
5.795193394209788
5.793256886352735
5.800702740813773
5.811751524962729
5.811856749021249
5.814821365306723
5.826794919612915
5.831168646702151
5.828117540979947
5.826922104792525
5.835738811443351
5.845785862476633
5.844852155231997
5.849936625360928
5.861644590423334
5.862128157903603
5.8646972779943
5.876698970493591
5.881022982738796
5.878541893524148
5.878007144687178
5.881812787758388
5.887458188366868
5.891834610769992
5.900496956961667
5.911488017557851
5.914286814922241
5.911320857870323
5.910815279940539
5.920556016658069
5.929596184983429
5.928245889409882
5.934713144502675
5.945805890016668
5.945424771656981
5.949225346131966
5.961209592904163
5.964696835855219
5.961443443048126
5.960809928636558
5.970347969843231
5.979669726181053
5.978518978895557
5.984104184767583
5.995738512001333
5.997825070284108
5.994494956997398
5.994854446647157
6.004925799468097
6.013823408008061
6.013251398102029
6.012279085669895
6.012559800614841
6.012027095397516
6.014573076354673
6.020661190140406
6.026755919241534
6.03011323797914
6.029721708918627
6.027423217841429
6.031265732491488
6.043010743540167
6.047666342069847
6.045904800840942
6.046166373449569
6.044956581664258
6.045595718306539
6.056142484872066
6.064277311480312
6.063184628400579
6.062115663911923
6.062928342705908
6.06700143579026
6.081997383780613
6.096501888135238
6.09585763725542
6.100327399703158
6.112189653472924
6.113156203640185
6.11454816633824
6.126101908742271
6.139689867223115
6.146646378392863
6.145686680207066
6.150538453951385
6.163444385784494
6.176147327129911
6.179731720872337
6.179072981031595
6.189276857732768
6.197313057268334
6.195962100046913
6.201986639920619
6.215252275614206
6.226791875998804
6.231849641704068
6.238248200513146
6.255585607809571
6.264727441194989
6.262894116796828
6.270460503704395
6.283329000547637
6.293700411727552
6.303963140286364
6.314734193838162
6.325344326885495
6.335917928408483
6.346534232002333
6.35713990269541
6.36775085788538
6.378357146685074
6.388923625856011
6.399608678815384
6.410278251563955
6.420343588883969
6.43163088206679
6.443793775350925
6.447030119270867
6.446681608486341
6.45699784301516
6.465657720196618
6.470030246140991
6.485731749297609
6.498286862437712
6.496808724536909
6.502053779205836
6.514775808403402
6.52512961378269
6.536908218787356
6.54680467594007
6.546748318807485
6.549452567795574
6.561226830101223
6.572155565931724
6.583213480724784
6.594980080208529
6.597107807876525
6.597585531591424
6.60890821347293
6.615319946035587
6.613847893710418
6.61741994300943
6.624856669640837
6.630236679414384
6.629354187607166
6.632172623527865
6.644216591136533
6.64758733785229
6.647538527818886
6.658968365254226
6.664743365708767
6.66357149395459
6.673222566263214
6.682315517700546
6.681370986052476
6.679559062271451
6.681250827203949
6.686459867423024
6.692785532712775
6.697435591699009
6.698311711226828
6.696153671232352
6.696608253360131
6.706894780466375
6.715414368844191
6.714566182933758
6.714018581311117
6.71381829277381
6.712492216118108
6.71967603943725
6.730780661125912
6.732550190703914
6.729359630730162
6.729867792555068
6.739890539469028
6.748988694247405
6.748585287033443
6.746058306765468
6.744835833077597
6.74587757998627
6.754321685048515
6.764164486655395
6.75476480193017
6.745394373212046
6.747018812084414
6.74801436230768
6.747352767643558
6.74740456024695
6.747499004902706
6.747467961088706
6.747505087582
6.74735010646902
6.747439033829525
6.748125095824471
6.746165407356566
6.740410936417534
6.73400165902303
6.730321355382582
6.730454183865629
6.731044171096083
6.730709401799877
6.730274288162155
6.731919979025865
6.731175920230742
6.720726669785693
6.712291236960352
6.713290471828168
6.716228803124058
6.712245916256219
6.700455217728455
6.696094845869703
6.697313092668392
6.69284621491735
6.685373612049091
6.680732894333091
6.682065188509595
6.6776163628276
6.665648880397965
6.663976433971987
6.662638821391058
6.650584969518395
6.646819067747422
6.647051427710933
6.635671588359564
6.629839313359478
6.631032243875014
6.62089116159488
6.613051749025469
6.614625660957366
6.606171174839268
6.596534079251744
6.597900238303139
6.591473861308314
6.580378150124662
6.580691120449787
6.577187190579499
6.565151089237402
6.558372471722681
6.553742271564199
6.547877382534549
6.547400341056746
6.546367645987091
6.536309317685092
6.522651017042031
6.513679760716115
6.51397099223256
6.511117901517785
6.499190934908635
6.485902590457297
6.479721026699575
6.480769177568129
6.475068427159381
6.461884736559726
6.449659826257262
6.446647184972662
6.446981430415341
6.437315213169782
6.426827933755999
6.422319020310697
6.41890748709202
6.410717972719577
6.398906791816753
6.396769147375707
6.396124223630097
6.384400390690839
6.379398287672708
6.380290346741083
6.3697693577007
6.362267981300156
6.363683059401369
6.356890094779124
6.343771502431835
6.332815447241738
6.326062703958953
6.321195433789333
6.315427425938944
6.312187960290289
6.313029643236459
6.315164687807201
6.310116321887674
6.298425739445961
6.294673480658712
6.296955638271338
6.297340954908111
6.29392737726929
6.287866545400202
6.281939030417489
6.278886267677248
6.279581030727111
6.281746605388951
6.276947728893504
6.26522251117565
6.26137764103906
6.263398506715107
6.263479043390842
6.262625588786134
6.263166044307268
6.264931833611547
6.2588851424436
6.247373027236099
6.244833874441327
6.246840328076809
6.246673468314277
6.245868541271782
6.24674024859512
6.248097138837179
6.240717890687033
6.229708935885621
6.228230258421446
6.230519129163954
6.230103998329273
6.225905777219494
6.219530002154149
6.213958549243466
6.212469157529673
6.213019701091868
6.212667270345084
6.214207834977215
6.21315524619755
6.202431062353966
6.194428788686196
6.195705185035018
6.198439340121217
6.194129747086783
6.182479376807206
6.177469019708742
6.179977203233859
6.181594671442738
6.174401589127924
6.163242175798125
6.161057126222752
6.164173353664642
6.164039733623449
6.154341461442933
6.144911402927753
6.145030235202855
6.14819003071159
6.14556413505192
6.133998443002499
6.128196608029434
6.129531427627512
6.125716693942513
6.118656074355625
6.113407638529707
6.112339341057598
6.112787153535328
6.112459581631858
6.114192355597196
6.112390972517459
6.101114380810552
6.094381927117934
6.095936692415517
6.096327947029108
6.096268661276538
6.096510577700415
6.092957742818426
6.086509687892226
6.080734145408459
6.078746713453177
6.07942217164268
6.079508895330735
6.079383212574733
6.079412307328038
6.079237598830641
6.079651046135646
6.079873880522018
6.076351752813139
6.069967430141239
6.06413885124585
6.06203877189695
6.062706693707634
6.062831789026336
6.062640744708742
6.06268071335553
6.0627995922326
6.06257523287489
6.062436937486173
6.063818683015445
6.061939534061224
6.051901167484052
6.038256557162073
6.029330273068163
6.030234058063047
6.025561738885849
6.01369971993101
6.01247302392617
6.010925088721127
5.999295233243939
5.991268277788615
5.98691991561373
5.980813453882281
5.97928054733396
5.979320359626736
5.970720735934171
5.956998208789082
5.946574244403437
5.946399307113104
5.943913176689096
5.931891753285421
5.928272718330779
5.928758530360938
5.919190267308965
5.90511750412903
5.89587240728767
5.896552597366383
5.892506209237827
5.880537729959115
5.878414334239105
5.87802461997921
5.86739494616871
5.853269262928636
5.845451157417937
5.847129550179078
5.839432095028792
5.82171815532309
5.812770108885225
5.812805220255711
5.813287277510742
5.804206621306139
5.79430144560003
5.794148024553426
5.797467997721711
5.795103838253691
5.783354847709131
5.77818004540957
5.779204755366499
5.769279634954909
5.760765026859192
5.761940382620587
5.759456601337583
5.752487761366262
5.746677335391453
5.744781293500002
5.745377249384819
5.745308827995068
5.745700961369
5.745631003519256
5.741545527189886
5.735021717077682
5.729538749608969
5.728028051084439
5.728748657511119
5.728761171604906
5.728618702894789
5.72866588465389
5.728675134266696
5.728662754092338
5.728665327911147
5.728666639084202
5.728665800996998
5.728665999602758
5.728665178250056
5.728666372584889
5.728669110667729
5.728657010282625
5.728664819887956
5.728713219088943
5.728576133864111
5.728572576229722
5.729296467723784
5.727881390200614
5.722463068258803
5.715936627899039
5.7117387407155
5.711567993962237
5.712138900373002
5.711972864306329
5.711927245221968
5.711975471096474
5.711967165346655
5.71196112639959
5.711964841039924
5.71196463159154
5.711964045417615
5.711964252133862
5.711964119833722
5.711964653257569
5.711964405177828
5.711961824553332
5.711968303791202
5.711970005888672
5.711932739607546
5.711995120890015
5.712074987378151
5.711588969904951
5.712070497169909
5.713704356907913
5.707434844147074
5.69598718962247
5.693287223127033
5.696411501430355
5.696632023309226
5.687126992116379
5.677612206969673
5.677804674820447
5.678661703385592
5.678608789032598
5.68027003305074
5.674232188240296
5.662723368525541
5.660440831997928
5.662063819404173
5.661673837403334
5.663309723958739
5.660647282691864
5.64913073417941
5.642993088529896
5.645195843562253
5.647288365534785
5.640985523647662
5.629524555226404
5.626738635632439
5.629049412197485
5.629132146817901
5.625386645672129
5.619220086812365
5.613440311573211
5.610750483185777
5.6117241792919
5.613650476395402
5.607967238370136
5.596382864833502
5.592956395303232
5.596015032393295
5.596779597912703
5.587390117246987
5.577925152211894
5.579082537457401
5.57341320543549
5.561892386040433
5.560833321592995
5.560759501762584
5.554631576176423
5.548122893670343
5.544391284914902
5.544296094307338
5.546573863880369
5.544278643493603
5.532983866944221
5.526144916027206
5.528028815822015
5.5305498687097
5.524611551492922
5.512916153735628
5.511554360840387
5.5100991580595
5.49837553409841
5.492524948746811
5.495097529625352
5.496987209486679
5.489866091314224
5.478679868485542
5.477313942406972
5.477457340383337
5.471559902113818
5.464284985224044
5.461518847364948
5.462857683432355
5.45495358164886
5.444533759111625
5.445364989034858
5.440538435330132
5.428755519286567
5.427684495709358
5.426397401465666
5.414959223577359
5.401339135737426
5.394215210961048
5.395145730238395
5.390462094124712
5.377623274280015
5.364844316472081
5.361084029148446
5.361827394228003
5.35175991568182
5.343556814545998
5.344899671667779
5.338921148972606
5.325882663193058
5.314629103174397
5.307751545096
5.302783087831472
5.296375072727672
5.294743338705314
5.295190912683308
5.28514366534884
5.276783441226797
5.27804075126137
5.272605973059465
5.259230195402808
5.247044291114047
5.244153463251764
5.244427771151345
5.234684706507933
5.224257772098167
5.219781755705212
5.2163033084246
5.20815054769628
5.196455662239059
5.193727479998504
5.193813343364541
5.184108660666964
5.170216820949634
5.160985150000695
5.161259406126733
5.158294848969194
5.146521514182067
5.135680241842299
5.124506321545006
5.112684021634254
5.1112364866972416
5.1100385042388956
5.094074154279647
5.080137139417753
5.077217606628752
5.0791111110185597
5.0739346281146817
5.0620906325145677
5.0606791692673204
5.059124803869219
5.0470818269346074
5.0432575868392223
5.0436420452030023
5.033234252046978
5.023575105653999
5.019278566107312
5.0135990584545834
5.0098546599725654
5.0102934535298755
5.010537861648019
5.010603020044831
5.011059637217839
5.008146232291873
5.001925462087838
4.995829745575771
4.9931652996520313
4.993707518762216
4.9939439089391664
4.9937557451795084
4.9937778282468173
4.993806322567903
4.9937910115209496
4.993788385473658
4.993803599708468
4.9937928495241584
4.993745926254344
4.9938908993957637
4.993872000823439
4.9931518422824524
4.994702055247421
5.000211154755289
5.0067157132885313
5.0107809602268475
5.010862839497984
5.010318732696489
5.0104924818675397
5.010531131260753
5.0104815449032327
5.0104908596697663
5.0105101927594296
5.0104792555968737
5.0104567621625745
5.010645261075858
5.010412483918711
5.0098639712783887
5.012512976355709
5.018598275902612
5.0248100042784364
5.0277870788039917
5.0273402800500145
5.027033061691179
5.027231061450884
5.0272239777636156
5.0271559237622574
5.0272100167546085
5.0273218471201386
5.0268849859002756
5.02709752089757
5.0289588539006775
5.02396337780479
5.012275633969321
5.008378930202833
5.01124930282038
5.0122337024647237
5.0039454665139993
4.993351556841722
4.992166052544324
4.9954049215673916
4.994353816464387
4.983591334179685
4.9758099680483684
4.976915859318571
4.9759002768262104
4.977521311246825
4.980594039805178
4.984561754469706
4.988711627907774
4.992330832786743
4.995684735741132
4.9940833935518
4.992592060689029
4.995146969445174
5.0008399655129847
5.005145111368315
5.0122749493845595
5.024241901407588
5.027490714846087
5.027300942879127
5.037985299797533
5.046006212328854
5.044392964041902
5.0415571734703985
5.046751664222932
5.058653175839412
5.0606079092176594
5.0615995459743357
5.0735207994531805
5.077876908645857
5.0772875791795155
5.088091622045595
5.0953739814384573
5.093959525272767
5.097728813271711
5.1036349980518594
5.108264331512088
5.1189966456983046
5.127793019062606
5.126502190838922
5.132733915967603
5.143966235053226
5.143627582688705
5.147563974486175
5.159586779553327
5.16075493451139
5.162646470438576
5.174725598661557
5.178355007966502
5.177870063462727
5.187509056976171
5.201602568555379
5.210757966280219
5.209982860783655
5.214267797747982
5.226239817318223
5.227541517312345
5.22929061146326
5.241414597058177
5.24473963829638
5.244757748500363
5.256065914528688
5.262518476658486
5.261014712334716
5.264629686017842
5.272048527078473
5.277388034085934
5.276669307960249
5.279241169752527
5.290880477363642
5.29664318205376
5.294226144787449
5.292333199203731
5.299098386426595
5.310417107362479
5.312793941287096
5.310425923218415
5.310471345906064
5.314716234728332
5.320397090296312
5.325291548061277
5.333129947662926
5.344939970231044
5.357401970119283
5.361687175253928
5.36084852798895
5.369179029246204
5.381386560571336
5.391605061323596
5.403850522226355
5.411812936184439
5.41090128884256
5.415383884487454
5.428150226424284
5.440707721389924
5.445506707973486
5.444586315358104
5.448687001532886
5.45438033060846
5.459056758422572
5.469882047324261
5.478548970327877
5.477227298156973
5.483605355689263
5.494762246787755
5.494346052806342
5.498408265957157
5.510398813509044
5.511561712879609
5.513360184017442
5.525264244654802
5.530305398168239
5.527974445849184
5.527310229459099
5.530389775778785
5.536345289478853
5.542560468924532
5.545483288041257
5.545022041206453
5.545238128665046
5.544469922311755
5.543476698507086
5.551692166089583
5.562205099861724
5.562942338942966
5.560736140747541
5.561475420494653
5.56600998463188
5.572331382229729
5.577629496647187
5.579425689275823
5.577778641266204
5.576707362286224
5.584937553381315
5.595448457723293
5.596088312622169
5.594885576191996
5.595145768181083
5.593385818206739
5.598028882700071
5.609772062138832
5.613658998605692
5.611300510663916
5.610821046951291
5.614665163194902
5.620305527103006
5.624693909197324
5.633454157545391
5.644384720318951
5.647038253994375
5.644044885729088
5.643655767259729
5.653514053127553
5.66241412517458
5.661072699004886
5.667490342694354
5.678679604897955
5.679128116928739
5.679944226368857
5.686178411563662
5.690605852827113
5.69847659013861
5.710172987117185
5.711844637873817
5.712973124770563
5.724908478998768
5.729179920394103
5.728644584999748
5.73972227157703
5.746177423475958
5.744821166948798
5.754161127643588
5.763285299541199
5.762303012735033
5.764287278014098
5.771361490324427
5.777686568468432
5.778158134998124
5.778614515197048
5.789174047430711
5.797383981674565
5.796108132618317
5.793318132672314
5.797631033684099
5.809318450422293
5.814068954684105
5.811944642729147
5.811242194305128
5.814275359410613
5.820200143406566
5.826264471112058
5.829692098128478
5.829317743538161
5.82701688700505
5.830764065405508
5.842482523200262
5.847355350315695
5.845452429046018
5.845272860288828
5.845703075839521
5.84558756929974
5.845549556654832
5.845585335355806
5.845579924058952
5.845574965197884
5.845578001983708
5.845578342094941
5.84557634149284
5.845574929332788
5.845575618498017
5.845583146003465
5.845580445535436
5.845543212028979
5.845630236974666
5.845666039556925
5.845140118594611
5.845952493199422
5.847200156193121
5.83950674164897
5.828679881270984
5.827592619164143
5.829410550282084
5.828990605901486
5.828290556098996
5.829583866628202
5.830201676755548
5.821210785330186
5.811305864752442
5.811263778908558
5.812525624910791
5.812175419302457
5.812737837651584
5.810685536645049
5.804787543840685
5.798398832437983
5.794994912279919
5.795273360926337
5.795490820563916
5.795551378166472
5.796067492268951
5.793365949747584
5.787230951096761
5.781049819719835
5.77816816418924
5.778645160085002
5.778928989104692
5.778737208929283
5.77875241457818
5.778783321607223
5.778769617474971
5.77876884087647
5.778771749812929
5.778770886082143
5.778770660547218
5.778770906642683
5.778770862695651
5.778770836334534
5.778770848088257
5.7787708393562
5.778770889840259
5.778770830844583
5.778770663247365
5.778771314760093
5.778771003846109
5.778768194583424
5.778775372838761
5.778776981607014
5.778736269919626
5.778805854450393
5.778890555457967
5.778357267475913
5.778902336652156
5.780664946466409
5.773782354659088
5.762558883142628
5.762340190384198
5.759511551946762
5.747535218380698
5.74310660549171
5.746056144484547
5.747194973103183
5.739107786182369
5.728390142101391
5.727036100705361
5.730082541418965
5.729303946266853
5.719564403185789
5.70949479638613
5.704762393040834
5.699426565181336
5.694766831849889
5.694425174968219
5.696795613131292
5.69513951235532
5.684157230661272
5.676583356616466
5.678077031609371
5.680864583570246
5.675751072830817
5.663849184475919
5.661766961449803
5.660932719323912
5.649267822235208
5.643710321962012
5.645160336515771
5.640975199274908
5.633896828260126
5.628874630286775
5.627907183274581
5.628573726085392
5.628508554480984
5.628452770708218
5.628436816684866
5.628294839246398
5.628911137074227
5.628523613858094
5.62403539400455
5.617472278437286
5.612274528946658
5.611156115177455
5.611877064935095
5.611828961205041
5.611696963745428
5.61176359212349
5.611807778453112
5.61163320599474
5.611722111210723
5.612413190753025
5.610485785913127
5.604749779631229
5.598323650527584
5.594627939957938
5.594761751981912
5.595235769685569
5.595037795555218
5.59498930524429
5.595145986897589
5.595086190655476
5.594579140814656
5.595828359535726
5.596188303294931
5.586963108967052
5.577167717580453
5.577083986403879
5.580241314882483
5.577962331835599
5.56670060744231
5.55983578835169
5.561402670682752
5.562694016876324
5.560472326651511
5.554920118724488
5.548481719635731
5.544612901657549
5.54472968458638
5.544759162878054
5.544996054527026
5.546703178327035
5.540677945659784
5.529163275503206
5.526687799032102
5.528643234240418
5.528437221373639
5.527975415106371
5.528371512152737
5.528830582941052
5.526138718998138
5.519853811321796
5.513060212126961
5.512445113164297
5.518822068014111
5.525447511063444
5.528705318646716
5.528467207325087
5.528083065541633
5.528266594186666
5.528282752067191
5.528200974591291
5.528242875152055
5.528424383001097
5.527906330157005
5.527908444802224
5.53183512441571
5.538335000701768
5.543944208217599
5.545487695558345
5.54494257099752
5.545306788923465
5.543767142647067
5.544688610357176
5.555443879935111
5.563235917360278
5.562024933052201
5.561365071939465
5.561559590299412
5.561181448625857
5.56414958789253
5.570624763329217
5.577045174037482
5.577816864745581
5.577995039124867
5.58845461362755
5.59659312211516
5.595439185644334
5.595040617822383
5.594682160456957
5.593552782518796
5.601497595837209
5.612149543652965
5.61293611749549
5.611282760845728
5.611708588041042
5.611861500727598
5.611725202666535
5.611744444923282
5.611763411483398
5.611752732969397
5.61175232500083
5.611757641404974
5.611753803043537
5.611741708962156
5.611782318565047
5.611771423803757
5.61158100287598
5.612010796053632
5.612221418193565
5.608687127785961
5.602283490075656
5.596440604786234
5.59448878019209
5.595055423598349
5.594705620565776
5.5960021858617
5.595800023940017
5.585827856366665
5.576809154715511
5.577401182661772
5.580243699797313
5.57729799915244
5.566233894353156
5.557695378441473
5.553330128648885
5.547655932082437
5.54396993763588
5.5445769044349
5.546840856786566
5.542662557766203
5.530979742263528
5.5260873559833
5.528669585745395
5.530208611561379
5.52284406518988
5.511758705144193
5.50976125822222
5.512783043868685
5.512524915440313
5.50328924386161
5.492864265890503
5.487948787563952
5.482658388022837
5.477867959680027
5.477491511516722
5.478787508061512
5.478275216296895
5.473823310765215
5.467328125740066
5.462046474596402
5.460827144663758
5.461552497537567
5.461514849869402
5.461402172275446
5.461439070247322
5.461402425635185
5.461545904720588
5.461484066471648
5.460800023349096
5.462580468583578
5.468245156900962
5.474930456685818
5.478343248349461
5.477749672847772
5.480828104249882
5.48673761702363
5.491019670269284
5.500290140855345
5.511036368010807
5.51116238368533
5.514004038288772
5.525941136062161
5.530546808065889
5.527571390858765
5.526233108223789
5.5348240131874
5.545068679253163
5.54426011653451
5.549040331396243
5.560847730621474
5.561573042764855
5.563826046087402
5.575774993795796
5.580667125998976
5.577774120200284
5.576352628938912
5.584413249414903
5.5950778417676
5.595532687839516
5.596406861414168
5.6025902266918
5.607021652722769
5.614795796259245
5.626541401142415
5.628371036144763
5.629346957129353
5.641232191857662
5.645696740315663
5.645061538215459
5.656049696128935
5.662637004015135
5.661238204195859
5.670760531347969
5.679376523795079
5.677881479148409
5.685045121300022
5.695974065874311
5.696589028636979
5.694294134039953
5.695140330196436
5.699744316991264
5.70606503273995
5.711317679116934
5.713025192100682
5.711350403218808
5.710406246430271
5.718655847065306
5.729223479470031
5.730253873839683
5.727022500743392
5.728226196116354
5.73897608744923
5.746871724554387
5.745786618693207
5.745092625579339
5.745278691674239
5.744845278537363
5.747875343369299
5.754125017748217
5.760048488968187
5.763008211732549
5.762276391187775
5.760129003155289
5.76511233480049
5.776836044086849
5.780347105121564
5.778607165175301
5.778970498351656
5.777499926658795
5.779036303610828
5.790232544453663
5.797130524386071
5.795648213976917
5.795536267056963
5.794876558724056
5.794228650328502
5.803189322630658
5.813094790615035
5.81311394879606
5.811689243075443
5.812181445166748
5.812266566743
5.812141340539499
5.81216887729676
5.812182262328106
5.812172233097058
5.812173280673203
5.812174800044153
5.812174067824872
5.812174049716954
5.812174196784757
5.812174148942568
5.812174137782179
5.812174154226532
5.81217415147597
5.812174130830421
5.812174170042534
5.812174200330419
5.81217393985487
5.812174268972958
5.812175016460394
5.812171796380743
5.812173769925525
5.812186826984582
5.812150575110986
5.812148297156618
5.812342354283376
5.811979784780926
5.811630844517204
5.814867058390819
5.821166479065246
5.827137631129174
5.829525949471588
5.828913391134374
5.828736260775238
5.828917285707665
5.828887148948379
5.828864046253418
5.828877984274773
5.828877354876104
5.828874694918004
5.828875930006437
5.828876846026728
5.828873578320979
5.828874896428772
5.828888419768011
5.828855194986761
5.828845136211116
5.82903867015453
5.828721771898099
5.828294497592942
5.831326589972575
5.837558045624365
5.843619800227816
5.846214079687215
5.845650402679134
5.845425511129391
5.845622251076888
5.845602182583503
5.845514286061094
5.845622174893451
5.84576998681175
5.844979633733818
5.845656600677137
5.850805580903209
5.855896041166327
5.861229238331276
5.872191901699607
5.880429052758186
5.879867714563541
5.876998517936865
5.880198720368398
5.891692240826588
5.897838445804755
5.895670683216665
5.893364302251987
5.900151045657599
5.911577186797067
5.910222081526006
5.901816935155075
5.896460195284689
5.895161997962186
5.895741860699823
5.89576306161084
5.895644647323709
5.895681649095729
5.895688512073906
5.895682938533321
5.89568494674905
5.895661831919183
5.895707842705767
5.895749163216431
5.895422223911829
5.895817745402979
5.896788768477968
5.892772511303415
5.895024105786415
5.911702571322348
5.864953300518907
5.770950983070751
5.782647903202524
