4.250819672131148 2.268852459016393
4.246259399768622 2.268952148297236
4.241800663368286 2.2690463739770417
4.237444616747896 2.2691352498609088
4.2331924137252015 2.2692188897539345
4.229045208117954 2.2692974074612176
4.2250041537439085 2.269370916787854
4.221070404420814 2.269439531538943
4.217245113966426 2.269503365519583
4.213529436198494 2.269562532534869
4.209924524934771 2.269617146389901
4.20643153399301 2.2696673208897753
4.203051617190962 2.2697131698395907
4.19978592834638 2.2697548070444444
4.196635621277015 2.269792346309435
4.19360184980062 2.269825901439659
4.190685767734948 2.2698555862402143
4.187888528897751 2.2698815145162
4.18521128710678 2.2699038000727123
4.182655196179787 2.2699225567148495
4.180221409934526 2.2699378982477096
4.177911082188746 2.26994993847639
4.1757253667602034 2.2699587912059878
4.173665417466647 2.2699645702416023
4.1717323881258315 2.26996738938833
4.169927432555507 2.2699673624512693
4.168251704573427 2.2699646032355174
4.166706357997342 2.269959225546172
4.165292546645006 2.2699513431883314
4.164011424334171 2.2699410699670928
4.1628641448825885 2.2699285196875545
4.161851862108009 2.269913806154814
4.1609757298281895 2.2698970431739687
4.160236901860878 2.2698783445501163
4.1596365320238275 2.269857824088355
4.159175774134791 2.2698355955937823
4.15885578201152 2.269811772871496
4.1586777094717675 2.2697864697265935
4.158642710333285 2.269759799964173
4.158751938413824 2.2697318773893325
4.159006547531138 2.2697028158071695
4.159407691502979 2.269672729022781
4.159956524147098 2.2696417308412653
4.160654199281249 2.26960993506772
4.161501870723183 2.269577455507243
4.162500692290651 2.269544405964932
4.163651817801409 2.2695109002458853
4.164956401073205 2.2694770521551995
4.166415595923794 2.269442975497973
4.168030556170926 2.2694087840793027
4.169802435632355 2.2693745917042873
4.1717323881258315 2.269340512178025
4.173821567469109 2.269306659305612
4.17607112747994 2.2692731468921474
4.1784822219760756 2.269240088742728
4.181056004775267 2.2692075986624523
4.18379362969527 2.2691757904564174
4.186696250553833 2.269144777929722
4.189765021168711 2.269114674887462
4.193001095357653 2.269085595134737
4.1964056269384145 2.269057652476644
4.1999797697287455 2.26903096071828
4.2037246775464 2.2690056336647437
4.2076415042091275 2.2689817851211327
4.211731403534683 2.2689595288925446
4.215995529340816 2.2689389787840772
4.2204350354452815 2.268920248600828
4.225051075665831 2.268903452147895
4.229844803820214 2.268888703230376
4.234817373726186 2.2688761156533688
4.239969939201497 2.2688658032219706
4.245303654063901 2.2688578797412795
4.250819672131148 2.268852459016393
4.257654055910652 2.268859831004594
4.266499178781454 2.2688692945200946
4.276690660868748 2.268849476653391
4.28756412229773 2.268769004494976
4.298455183193593 2.268596505135345
4.308699463681533 2.268300605664992
4.317632583886747 2.267849933174412
4.324590163934427 2.2672131147540986
4.330087748317257 2.2626274559852098
4.334840634775061 2.2523117703882023
4.3384840733037455 2.2392069469625255
4.3406533138992165 2.2262538747076257
4.340983606557377 2.216393442622951
4.3385198058771826 2.209685510189253
4.334344055944057 2.2034952035003776
4.331147540983607 2.19672131147541
4.32977868353199 2.187887387764904
4.329980682182378 2.177815555765718
4.332786885245901 2.168852459016393
4.341003220635044 2.162289929497033
4.353932882833311 2.158432446822214
4.367355120008366 2.1581456259821894
4.377049180327869 2.1622950819672133
4.383226275945794 2.169278819468319
4.388790834431393 2.1768982794596683
4.3935619270752415 2.1851242313562014
4.397358625167918 2.193927444572862
4.4 2.20327868852459
4.401940559535555 2.2128941821332515
4.403743553093204 2.2225096752494466
4.405391163995356 2.2321252336812223
4.406865575564419 2.2417409232366237
4.408148971122802 2.251356809723698
4.409223533992915 2.2609729589504903
4.410071447497166 2.270589436725047
4.410674894957963 2.2802063088554143
4.411016059697715 2.289823641149639
4.411077125038832 2.299441499415766
4.410840274303722 2.309059949461842
4.410287690814791 2.3186790570959133
4.409401557894452 2.3282988881260254
4.408164058865112 2.337919508360225
4.40655737704918 2.347540983606557
4.4046617789819145 2.3571700040390877
4.402505172788525 2.366809820024111
4.399991204176343 2.3764553376580166
4.397023518852702 2.386101463037195
4.393505762524931 2.395743102258035
4.389341580900363 2.4053751614169268
4.3844346196863295 2.4149925466102604
4.378688524590164 2.424590163934426
4.372452034102525 2.4339513407826843
4.366141683400117 2.442880828723461
4.359762813219338 2.4514056701158933
4.353320764296583 2.459552907319118
4.34682087736825 2.4673495826922722
4.340268493170735 2.4748227385944928
4.3336689524404335 2.481999417384916
4.3270275959137425 2.48890666142268
4.320349764327059 2.49557151306692
4.313640798416779 2.5020210146767745
4.3069060389192995 2.5082822086113796
4.300150826571016 2.5143821372298722
4.293380502108327 2.5203478428913892
4.286600406267627 2.5262063679550684
4.279815879785312 2.5319847547800456
4.2730322633977815 2.537710045725458
4.26625489784143 2.543409283150443
4.259489123852654 2.5491095094141376
4.252740282167849 2.554837766875677
4.246013713523414 2.5606210978942
4.239314758655746 2.566486544828843
4.232648758301236 2.5724611500387433
4.226021053196287 2.578571955883037
4.219436984077292 2.5848460047208603
4.212901891680648 2.591310338911352
4.206421116742751 2.597992000813648
4.2 2.6049180327868853
4.1936284303780536 2.6119916714874134
4.187293464395799 2.6191008263925024
4.180996194179477 2.626249549092672
4.174737711855326 2.6334418911784385
4.168519109549582 2.6406819042403225
4.162341479388484 2.647973639868842
4.1562059134982725 2.655321149654515
4.150113504005184 2.66272848518786
4.144065343035457 2.6701996980593963
4.138062522715331 2.6777388398596425
4.132106135171043 2.6853499621791164
4.126197272528831 2.693037116608337
4.120337026914935 2.700804354737823
4.114526490455593 2.7086557281580923
4.108766755277041 2.716595288459663
4.103058913505522 2.724627087233056
4.09740405726727 2.732755176068787
4.091803278688525 2.7409836065573767
4.087548083708882 2.750958754255357
4.08575624373934 2.7631291851854898
4.086168249113243 2.775702236637631
4.088524590163935 2.7868852459016398
4.091870563006227 2.796726737478677
4.095427817061968 2.8064580544838873
4.0992013726250685 2.816060762128104
4.103196249989434 2.825516425622161
4.107417469448972 2.834806610176891
4.111870051297591 2.843912881003129
4.116559015829198 2.852816803311707
4.1214893833377015 2.861499942313458
4.126666174117009 2.8699438632192176
4.132094408461027 2.878130131239817
4.137779106663665 2.8860403115860906
4.143725289018829 2.8936559694688717
4.1499379758204284 2.900958670098994
4.156422187362369 2.907929978687291
4.163182943938559 2.9145514604445957
4.170225265842907 2.920804680581742
4.177554173369319 2.926671204309563
4.185174686811704 2.9321325968388914
4.193091826463969 2.9371704233805622
4.201310612620023 2.9417662491454077
4.209836065573771 2.945901639344262
4.218516130496696 2.9494552136040393
4.227219626593854 2.9523685143125156
4.235982885209512 2.954717490821812
4.244842237687941 2.956578092484053
4.25383401537341 2.958026268651361
4.262994549610188 2.959137968675859
4.272360171742547 2.95998914190967
4.281967213114754 2.960655737704918
4.291710618024448 2.9611438764654476
4.3014607991066125 2.961420347467169
4.311217290211545 2.961502103370304
4.320979625189536 2.9614060968350726
4.33074733789088 2.9611492805216963
4.34051996216587 2.960748607090396
4.350297031864801 2.960221029201391
4.360078080837963 2.9595834995149035
4.369862642935652 2.958852970691154
4.379650252008162 2.9580463953903626
4.3894404419057835 2.9571807262727514
4.399232746478813 2.95627291599854
4.409026699577542 2.9553399172279504
4.418821835052263 2.954398682621202
4.428617686753273 2.9534661648385163
4.4384137885308625 2.952559316540115
4.448209674235326 2.9516950903862167
4.458004877716954 2.9508904390370443
4.467798932826044 2.950162315152818
4.477591373412888 2.9495276713937573
4.487381733327779 2.9490034604200845
4.497169546421009 2.948606634892021
4.506954346542874 2.948354147469785
4.516735667543666 2.9482629508136
4.526513043273679 2.9483499975836844
4.536286007583206 2.9486322404402614
4.54605409432254 2.9491266320435505
4.5558168373419745 2.9498501250537723
4.565573770491803 2.9508196721311477
4.575316694672132 2.952217198041657
4.58503054452713 2.9542883670396654
4.59470455452319 2.957145741017972
4.604327959126706 2.9609018818693764
4.613889992804067 2.9656693514866763
4.623379890021669 2.971560711762673
4.632786885245901 2.978688524590164
4.641543649918735 2.9865296756519237
4.649168784590407 2.994486061934532
4.65578041738971 3.0025577622864987
4.661496676445437 3.0107448555563354
4.666435689886377 3.0190474205925524
4.670715585841327 3.0274655362436613
4.674454492439077 3.0359992813581704
4.677770537808418 3.044648734784592
4.680781850078144 3.0534139753714364
4.683606557377049 3.0622950819672132
4.68619778124231 3.0712342422063457
4.688459108378121 3.0801838260140126
4.690434364663794 3.08915918567486
4.692167375978643 3.0981756734735346
4.69370196820198 3.1072486416946825
4.695081967213115 3.1163934426229507
4.696234482846176 3.125835693099381
4.697064117091449 3.135659454009684
4.69758093406249 3.14566774370551
4.697794997872851 3.1556635805385094
4.697716372636088 3.165449982860332
4.697355122465757 3.1748299690226287
4.696721311475409 3.183606557377049
4.694277081363597 3.1919390241143573
4.689095999929719 3.2001320145018917
4.682105270438601 3.208206600506165
4.674232096155075 3.21618385409369
4.666403680343969 3.224084847230979
4.659547226270108 3.231930651884545
4.654589937198325 3.2397423400209004
4.652459016393443 3.2475409836065574
4.652748158224434 3.255328812407865
4.65445840232372 3.263105010192865
4.657627969851309 3.2708860799306136
4.662295081967213 3.278688524590164
4.6677573462433966 3.2865060799668497
4.67328358862071 3.2943219040646285
4.678868857812481 3.302136633165492
4.684508202532042 3.3099509035514316
4.69019667149272 3.317765351504438
4.695929313407848 3.3255806133065042
4.7017011769907535 3.33339732523962
4.707507310954768 3.3412161235857774
4.7133427640132215 3.3490376446269674
4.7192025848794446 3.356862524645182
4.725081822266767 3.3646913999224117
4.730975524888518 3.372524906740649
4.736878741458029 3.3803636813818843
4.742786520688629 3.3882083601281097
4.748693911293647 3.3960595792613164
4.754595961986416 3.4039179750634956
4.7604877214802634 3.4117841838166383
4.766364238488522 3.419658841802738
4.772220561724518 3.427542585303783
4.778051739901586 3.4354360506017665
4.783852821733052 3.443339873978679
4.789618855932249 3.451254691716513
4.795344891212505 3.459181140097259
4.801025976287152 3.4671198554029092
4.806657159869517 3.4750714739154542
4.812233490672934 3.4830366319168853
4.81775001741073 3.491015965689195
4.823201788796236 3.499010111514373
4.828583853542783 3.507019705674412
4.833891260363701 3.5150453844513034
4.83911905797232 3.5230877841270374
4.844262295081967 3.5311475409836066
4.84935766039823 3.5392387378039434
4.854444969861389 3.547373137260227
4.859523963036823 3.5555478954683184
4.864594379489912 3.563760168544079
4.869655958786032 3.5720071126033694
4.874708440490563 3.5802858837620497
4.879751564168884 3.5885936381359826
4.884785069386371 3.5969275318410285
4.889808695708405 3.6052847209930476
4.894822182700363 3.6136623617079016
4.899825269927623 3.6220576101014514
4.904817696955567 3.6304676222895584
4.909799203349569 3.638889554388082
4.914769528675009 3.6473205625128853
4.9197284124972676 3.6557578027798274
4.92467559438172 3.6641984313047704
4.929610813893748 3.672639604203575
4.934533810598728 3.681078477592102
4.939444324062038 3.689512207586213
4.944342093849057 3.697937950301768
4.949226859525164 3.706352861854629
4.954098360655737 3.714754098360656
4.958930267039684 3.723138186771191
4.963697538203256 3.731507890778843
4.968401848302847 3.7398697216113765
4.97304487149485 3.7482301904965554
4.97762828193566 3.756595808662143
4.98215375378167 3.7649730873359046
4.986622961189274 3.7733685377456037
4.991037578314866 3.781788671119004
4.99539927931484 3.79023999868387
4.999709738345589 3.798729031667966
5.003970629563507 3.807262281299055
5.008183627124989 3.815846258804902
5.012350405186428 3.8244874754132705
5.016472637904219 3.8331924423519244
5.020551999434753 3.841967670848629
5.024590163934427 3.850819672131147
5.028169042851931 3.8598863918381587
5.030940086862742 3.8692514766180195
5.0330092789634335 3.878839989213005
5.034482602150574 3.888576992365392
5.035466039420736 3.8983875488174564
5.036065573770492 3.908196721311475
5.036250283340964 3.917988078560416
5.0359568871726905 3.9277939861338655
5.035242829611367 3.9376127020590252
5.034165555002689 3.9474424843630986
5.032782507692351 3.9572815910732873
5.031151132026049 3.9671282802167935
5.029328872349479 3.9769808098208204
5.027373173008336 3.9868374379125697
5.025341478348316 3.996696422519245
5.0232912327151125 4.006556021668047
5.021279880454422 4.016414493386178
5.01936486591194 4.026270095700843
5.017603633433361 4.036121086639242
5.016053627364381 4.045965724228578
5.014772292050696 4.0558022664960545
5.013817071838 4.065628971468873
5.013245411071989 4.075444097174235
5.01311475409836 4.085245901639344
5.013260803355738 4.095034622810598
5.013507852754082 4.104808204610786
5.01389623384608 4.114561464031694
5.014466278184418 4.124289218065112
5.015258317321783 4.133986283702828
5.016312682810864 4.143647477936627
5.017669706204347 4.153267617758298
5.019369719054922 4.162841520159631
5.021453052915272 4.1723640021324115
5.023960039338088 4.181829880668428
5.026931009876055 4.191233972759469
5.030406296081862 4.20057109539732
5.034426229508197 4.209836065573771
5.038805520972166 4.218990904981511
5.043325534873392 4.2280054705721115
5.047976583138337 4.2368863322256916
5.052748977693462 4.245640059822362
5.05763303046523 4.2542732232422384
5.062619053380103 4.262792392365436
5.067697358364541 4.271204137072071
5.072858257345006 4.279515027242258
5.078092062247961 4.28773163275611
5.083389084999866 4.295860523493743
5.088739637527184 4.303908269335271
5.094134031756377 4.31188144016081
5.099562579613904 4.319786605850475
5.10501559302623 4.327630336284379
5.110483383919815 4.335419201342638
5.11595626422112 4.343159770905367
5.121424545856609 4.35085861485268
5.126878540752743 4.358522303064695
5.13230856083598 4.366157405421522
5.137704918032787 4.373770491803279
5.143219338846995 4.381354776528627
5.148986995004209 4.3889020163599115
5.154973366263543 4.396416594842773
5.161143932384112 4.403902895522856
5.167464173125035 4.4113653019458
5.173899568245424 4.418808197657248
5.180415597504394 4.4262359662028405
5.186977740661064 4.433652991128222
5.193551477474548 4.441063655979029
5.2001022877039595 4.448472344300909
5.206595651108416 4.455883439639499
5.212997047447033 4.463301325540444
5.219271956478924 4.470730385549384
5.225385857963207 4.478175003211961
5.231304231658996 4.485639562073818
5.236992557325408 4.493128445680594
5.242416314721557 4.5006460375779325
5.247540983606557 4.508196721311476
5.249078779626472 4.515655485302265
5.244943527211794 4.522972796261456
5.236903119298286 4.530266255169866
5.2267254488217105 4.537653463008307
5.216178408717831 4.545252020757594
5.207029891922411 4.553179529398545
5.201047791371212 4.561553589911971
5.2 4.570491803278688
5.202421482934848 4.579781370048917
5.20549204630917 4.5891213429598645
5.208946844569737 4.5984971012728195
5.212521032163317 4.607894024249071
5.21594976353668 4.617297491149907
5.218968193136597 4.626692881236617
5.221311475409836 4.636065573770492
5.223235769920458 4.6454201333071605
5.22516770128248 4.654771145297621
5.227098121517605 4.664119020346215
5.229017882647537 4.673464169057281
5.230917836693984 4.68280700203516
5.232788835678646 4.69214792988419
5.23462173162323 4.701487363208714
5.236407376549439 4.710825712613071
5.2381366224789785 4.7201633887016
5.2398003214335525 4.729500802078643
5.241389325434866 4.738838363348539
5.242894486504621 4.748176483115629
5.244306656664525 4.757515571984253
5.2456166879362796 4.76685604055875
5.246815432341591 4.776198299443462
5.247893741902163 4.785542759242727
5.248842468639701 4.794889830560886
5.249652464575908 4.804239924002281
5.250314581732489 4.813593450171248
5.250819672131148 4.822950819672131
5.249852683530668 4.833328663349786
5.2471344480603115 4.844954166034423
5.244209644297504 4.856643569308406
5.242622950819672 4.867213114754099
5.242958891533144 4.8764036971219875
5.244474231903182 4.884915575738857
5.246722012845613 4.893004039051532
5.249255275276259 4.9009243755068335
5.251627060110946 4.908931873551585
5.253390408265497 4.9172818216326055
5.254098360655737 4.926229508196721
5.253516831982881 4.935681582571579
5.25184880219368 4.945345997077132
5.249302910072257 4.955179994648657
5.246087794402734 4.965140818221432
5.242412093969236 4.975185710730736
5.238484447555886 4.985271915111845
5.2345134939468085 4.995356674300037
5.2307078719261275 5.0053972312305905
5.2272762202779655 5.015350828838782
5.224427177786447 5.025174710059891
5.222369383235696 5.034826117829193
5.221311475409836 5.044262295081967
5.222001430714766 5.053371854369792
5.224706410389609 5.0621205284925495
5.228913830468323 5.070581240757962
5.234111106984869 5.078826914473753
5.239785655973207 5.086930472947647
5.245424893467295 5.094964839487369
5.250516235501092 5.1030029374006425
5.254547098108557 5.111117689995193
5.2570048973236485 5.119382020578742
5.257377049180328 5.127868852459016
5.255451587956204 5.138867323657618
5.251172759028805 5.151403509156725
5.244262295081967 5.16065573770492
5.235829300126438 5.166299450455596
5.227178341511869 5.171239296657672
5.218324346930447 5.175497417203022
5.209282244074363 5.179095952983516
5.200066960635808 5.182057044891028
5.19069342430697 5.184402833817428
5.181176562780038 5.186155460654589
5.171531303747202 5.1873370662943845
5.161772574900654 5.187969791628683
5.151915303932579 5.188075777549361
5.141974418535171 5.187677164948288
5.131964846400618 5.186796094717335
5.121901515221109 5.185454707748377
5.111799352688833 5.183675144933285
5.1016732864959815 5.18147954716393
5.0915382443347434 5.178890055332184
5.081409153897306 5.175928810329921
5.0713009428758635 5.172617953049012
5.0612285389626015 5.168979624381328
5.051206869849712 5.165035965218744
5.041250863229383 5.160809116453129
5.031375446793804 5.156321218976357
5.021595548235166 5.151594413680298
5.0119260952456575 5.146650841456827
5.002382015517468 5.1415126431978155
4.992978236742789 5.136201959795132
4.983729686613808 5.130740932140653
4.974651292822715 5.125151701126248
4.9657579830617 5.11945640764379
4.957064685022952 5.113677192585151
4.948586326398661 5.1078361968422055
4.940337834881016 5.101955561306821
4.932334138162208 5.096057426870871
4.924590163934426 5.090163934426229
4.9169909890911825 5.084275494878476
4.90941218542123 5.078376558952535
4.901854422959614 5.072465327269288
4.894318371741385 5.066540000449616
4.886804701801589 5.0605987791144
4.879314083175274 5.054639863884525
4.8718471858974866 5.048661455380869
4.864404680003275 5.042661754224318
4.856987235527686 5.0366389610357505
4.849595522505769 5.030591276436049
4.842230210972571 5.024516901046099
4.834891970963136 5.018414035486778
4.8275814725125175 5.01228088037897
4.820299385655758 5.006115636343558
4.813046380427907 4.999916504001422
4.805823126864012 4.993681683973443
4.79863029499912 4.987409376880505
4.791468554868281 4.9810977833434915
4.7843385765065385 4.97474510398328
4.777241029948944 4.968349539420757
4.770176585230541 4.9619092902768
4.7631459123863795 4.955422557172295
4.756149681451508 4.948887540728122
4.749188562460972 4.942302441565164
4.74226322544982 4.9356654603043
4.735374340453098 4.928974797566415
4.7285225775058555 4.9222286539723905
4.72170860664314 4.915425230143107
4.714933097899997 4.908562726699449
4.708196721311476 4.901639344262295
4.701620485809068 4.894559341684179
4.695299963484888 4.88724862974128
4.6891976691149155 4.87973788693995
4.683276117475132 4.872057791786546
4.677497823341522 4.864239022787421
4.671825301490063 4.856312258448932
4.66622106669674 4.8483081772774295
4.66064763373753 4.840257457779271
4.655067517388419 4.832190778460809
4.649443232425386 4.8241388178284
4.643737293624412 4.816132254388395
4.637912215761479 4.808201766647152
4.631930513612569 4.800378033111024
4.625754701953662 4.7926917322863645
4.619347295560742 4.785173542679528
4.612670809209788 4.777854142796872
4.605687757676781 4.770764211144746
4.598360655737705 4.763934426229508
4.590637342563704 4.757577372931918
4.582518767079889 4.751938850953031
4.574047108693191 4.747099361029639
4.565264546810541 4.743139403898531
4.5562132608388675 4.7401394802965005
4.546935430185102 4.738180090960338
4.537473234256175 4.737341736626836
4.527868852459016 4.737704918032787
4.518178228323774 4.738725781906406
4.508433000053554 4.739805781085737
4.498638889064725 4.740943375472305
4.488801616773655 4.742137024967638
4.478926904596713 4.743385189473261
4.469020473950265 4.744686328890702
4.459088046250681 4.746038903121486
4.449135342914329 4.74744137206714
4.439168085357576 4.748892195629191
4.429191994996791 4.750389833709164
4.419212793248342 4.751932746208588
4.409236201528595 4.753519393028989
4.39926794125392 4.75514823407189
4.3893137338406865 4.756817729238822
4.379379300705261 4.758526338431309
4.369470363264011 4.7602725215508785
4.359592642933304 4.7620547384990575
4.349751861129511 4.763871449177371
4.339953739268998 4.765721113487345
4.330203998768134 4.767602191330509
4.320508361043286 4.769513142608387
4.310872547510823 4.771452427222506
4.301302279587113 4.7734185050743925
4.291803278688524 4.775409836065574
4.282353241002748 4.7774244191644435
4.272925434154479 4.779460657960753
4.2635189367155855 4.7815176192880635
4.254132827257931 4.783594369979942
4.244766184353389 4.78568997686995
4.235418086573824 4.787803506791648
4.226087612491103 4.789934026578602
4.216773840677097 4.792080603064376
4.20747584970367 4.794242303082529
4.198192718142692 4.796418193466628
4.18892352456603 4.798607341050233
4.179667347545552 4.80080881266691
4.170423265653125 4.8030216751502195
4.161190357460618 4.805244995333726
4.151967701539898 4.807477840050993
4.1427543764628325 4.809719276135581
4.13354946080129 4.811968370421057
4.1243520331271375 4.8142241897409805
4.115161172012244 4.816485800928916
4.105975956028475 4.818752270818427
4.096795463747701 4.821022666243077
4.087618773741787 4.823296054036428
4.0784449645826015 4.825571501032043
4.069273114842013 4.827848074063485
4.06010230309189 4.830124839964317
4.050931607904099 4.832400865568104
4.041760107850507 4.834675217708407
4.032586881502984 4.836946963218789
4.023411007433395 4.839215168932814
4.01423156421361 4.841478901684046
4.005047630415495 4.843737228306046
3.99585828461092 4.845989215632378
3.98666260537175 4.848233930496604
3.977459671269854 4.85047043973229
3.9682485608771008 4.852697810172996
3.959028352765357 4.854915108652286
3.9497981255064896 4.857121402003723
3.9405569576723676 4.859315757060872
3.931303927834859 4.861497240657294
3.92203811456583 4.863664919626553
3.9127585964371496 4.865817860802211
3.903464452020685 4.867955131017831
3.894154759888304 4.870075797106977
3.884828598611875 4.872178925903212
3.875485046763264 4.874263584240098
3.8661231829143414 4.8763288389512
3.8567420856369723 4.878373756870079
3.8473408335030257 4.8803974048303
3.8379185050843696 4.882398849665425
3.828474178952871 4.884377158209017
3.8190069336803982 4.886331397294641
3.809515847838819 4.8882606337558565
3.8 4.890163934426229
3.7904574299981566 4.892027430008151
3.7808874892563398 4.893837804133206
3.7712912237296754 4.895594953028746
3.7616696793732873 4.897298772922118
3.7520239021423003 4.898949160040671
3.742354937991839 4.90054601061176
3.7326638328770283 4.902089220862729
3.7229516327529923 4.90357868702093
3.7132193835748564 4.905014305313713
3.703468131297744 4.906395971968428
3.6936989218767806 4.907723583212423
3.683912801267091 4.90899703527305
3.6741108154237994 4.910216224377657
3.664294010302031 4.911381046753594
3.654463431856909 4.912491398628211
3.6446201260435602 4.913547176228858
3.634765138817108 4.914548275782884
3.6248995161326762 4.9154945935176375
3.615024303945391 4.916386025660473
3.605140548210376 4.917222468438736
3.595249294882757 4.918003818079775
3.5853515899176562 4.918729970810944
3.5754484792702015 4.919400822859591
3.5655410088955155 4.920016270453064
3.555630224748723 4.920576209818715
3.545717172784949 4.921080537183893
3.535802898959317 4.921529148775947
3.525888449226954 4.9219219408222274
3.5159748695429824 4.922258809550083
3.5060632058625285 4.922539651186864
3.4961545041407156 4.922764361959922
3.486249810332669 4.922932838096605
3.4763501703935136 4.923044975824261
3.4664566302783726 4.923100671370244
3.4565702359423724 4.9230998209619
3.4466920333406366 4.92304232082658
3.4368230684282906 4.922928067191633
3.426964387160458 4.92275695628441
3.417117035492264 4.9225288843322605
3.4072820593788333 4.922243747562533
3.397460504775291 4.921901442202579
3.387653417636761 4.9215018644797475
3.3778618439183674 4.921044910621386
3.3680868295752364 4.9205304768548475
3.358329420562491 4.91995845940748
3.3485906628352575 4.919328754506634
3.3388716023486595 4.918641258379659
3.329173285057821 4.917895867253904
3.3194967569178675 4.917092477356719
3.3098430638839242 4.9162309849154555
3.300213251911115 4.9153112861574595
3.2906083669545643 4.914333277310083
3.281029454969397 4.913296854600678
3.271477561910738 4.91220191425659
3.2619537337337117 4.911048352505172
3.2524590163934426 4.909836065573771
3.2430080643491817 4.908447222696787
3.2336121530735586 4.9067760762142045
3.2242672600417666 4.904840647011756
3.2149693627289992 4.9026589559751725
3.2057144386104492 4.9002490239901855
3.196498465161311 4.8976288719425245
3.1873174198567766 4.894816520717923
3.17816728017204 4.891829991202111
3.1690440235822948 4.888687304280819
3.1599436275627335 4.88540648083978
3.1508620695885505 4.882005541764724
3.1417953271349384 4.878502507941382
3.1327393776770904 4.874915400255486
3.1236901986902006 4.871262239592768
3.1146437676494614 4.867561046838957
3.1055960620300667 4.863829842879785
3.0965430593072094 4.860086648600984
3.0874807369560835 4.856349484888284
3.0784050724518814 4.852636372627418
3.0693120432697976 4.848965332704116
3.060197626885024 4.845354386004109
3.051057800772755 4.84182155341313
3.041888542408183 4.838384855816907
3.0326858292665024 4.835062314101173
3.0234456388229063 4.831871949151661
3.0141639485525875 4.828831781854099
3.0048367359307395 4.8259598330942195
2.9954599784325553 4.823274123757754
2.986029653533229 4.820792674730435
2.9765417387079536 4.81853350689799
2.966992211431922 4.816514641146154
2.957377049180328 4.814754098360656
2.9477270196608196 4.813150173087033
2.9380756789997164 4.811592250125359
2.9284231873002198 4.810084985743173
2.9187697046655297 4.808633036208015
2.909115391198848 4.8072410577874205
2.8994604070033745 4.8059137067489335
2.88980491218231 4.804655639360089
2.880149066838856 4.803471511888427
2.870493031076213 4.802365980601485
2.8608369649975818 4.801343701766805
2.8511810287061636 4.800409331651924
2.8415253823051576 4.799567526524382
2.8318701858977664 4.798822942651716
2.8222155995871905 4.798180236301467
2.812561783476629 4.797644063741172
2.802908897669285 4.797219081238373
2.793257102268358 4.796909945060606
2.783606557377049 4.79672131147541
2.773956708783685 4.796599889111399
2.7643068954776564 4.796489283655563
2.754657117363761 4.796389496962998
2.745007374346794 4.796300530888808
2.7353576663315535 4.796222387288091
2.7257079932228367 4.796155068015945
2.71605835492544 4.7960985749274725
2.70640875134416 4.796052909877771
2.6967591823837935 4.796018074721942
2.6871096479491388 4.795994071315086
2.6774601479449918 4.7959809015123
2.6678106822761487 4.795978567168687
2.6581612508474075 4.795987070139344
2.6485118535635648 4.7960064122793735
2.638862490329417 4.796036595443874
2.629213161049762 4.796077621487945
2.6195638656293965 4.796129492266686
2.6099146039731163 4.7961922096351985
2.6002653759857197 4.796265775448581
2.590616181572003 4.796350191561935
2.5809670206367623 4.796445459830357
2.571317893084796 4.796551582108951
2.5616687988209 4.7966685602528125
2.5520197377498723 4.796796396117045
2.5423707097765083 4.796935091556747
2.532721714805606 4.797084648427017
2.5230727527419616 4.797245068582956
2.513423823490372 4.797416353879664
2.5037749269556353 4.797598506172242
2.4941260630425472 4.797791527315788
2.4844772316559043 4.797995419165403
2.4748284327005052 4.798210183576185
2.465179666081146 4.798435822403236
2.4555309317026226 4.798672337501653
2.445882229469732 4.798919730726539
2.4362335592872735 4.799178003932993
2.426584921060041 4.799447158976114
2.416936314692833 4.799727197711001
2.407287740090447 4.800018121992756
2.397639197157678 4.800319933676478
2.387990685799324 4.800632634617267
2.378342205920182 4.800956226670222
2.3686937574250493 4.801290711690444
2.3590453402187217 4.80163609153303
2.3493969542059965 4.801992368053084
2.3397485992916707 4.8023595431057045
2.3301002753805418 4.802737618545989
2.320451982377406 4.80312659622904
2.3108037201870606 4.803526478009956
2.3011554887143015 4.803937265743837
2.291507287863927 4.804358961285783
2.281859117540733 4.804791566490894
2.2722109776495176 4.805235083214269
2.262562868095076 4.80568951331101
2.2529147887822063 4.806154858636213
2.2432667396157053 4.8066311210449815
2.2336187205003695 4.807118302392415
2.223970731340996 4.807616404533611
2.214322772042382 4.808125429323672
2.2046748425093243 4.808645378617695
2.1950269426466194 4.809176254270782
2.1853790723590643 4.809718058138031
2.1757312315514565 4.810270792074544
2.1660834201285915 4.81083445793542
2.1564356379952683 4.811409057575759
2.1467878850562823 4.8119945928506604
2.1371401612164305 4.812591065615223
2.1274924663805104 4.813198477724549
2.1178448004533186 4.813816831033735
2.1081971633396517 4.8144461273978845
2.098549554944307 4.815086368672095
2.0889019751720816 4.815737556711467
2.079254423927772 4.816399693371101
2.0696069011161753 4.817072780506095
2.0599594066420885 4.81775681997155
2.0503119404103076 4.818451813622567
2.040664502325631 4.8191577633142435
2.0310170922928545 4.819874670901681
2.0213697102167756 4.820602538239979
2.0117223560021906 4.821341367184235
2.002075029553897 4.8220911595895535
1.992427730776692 4.822851917311031
1.982780459575371 4.823623642203769
1.9731332158547326 4.824406336122865
1.9634859995195728 4.825200000923421
1.9538388104746887 4.826004638460536
1.944191648624877 4.826820250589309
1.934544513874935 4.827646839164842
1.9248974061296595 4.828484406042232
1.915250325293847 4.829332953076583
1.9056032712722955 4.830192482122991
1.8959562439698003 4.831062995036557
1.8863092432911595 4.831944493672381
1.8766622691411698 4.832836979885562
1.867015321424628 4.833740455531202
1.8573684000463306 4.834654922464398
1.847721504911075 4.835580382540252
1.838074635923658 4.836516837613863
1.8284277929888764 4.83746428954033
1.8187809760115272 4.838422740174756
1.8091341848964078 4.839392191372236
1.799487419548314 4.840372644987874
1.7898406798720432 4.841364102876768
1.7801939657723929 4.842366566894018
1.7705472771541593 4.843380038894724
1.7609006139221397 4.844404520733986
1.7512539759811308 4.845440014266902
1.7416073632359292 4.8464865213485755
1.7319607755913327 4.8475440438341035
1.7223142129521372 4.8486125835785865
1.7126676752231402 4.8496921424371235
1.7030211623091387 4.850782722264816
1.693374674114929 4.851884324916763
1.6837282105453086 4.8529969522480645
1.674081771505074 4.85412060611382
1.6644353568990224 4.855255288369129
1.6547889666319506 4.856401000869093
1.6451426006086556 4.857557745468811
1.6354962587339341 4.858725524023381
1.625849940912583 4.8599043383879055
1.6162036470493994 4.861094190417482
1.6065573770491803 4.862295081967213
1.596916747191451 4.8635205532696215
1.5872872163539407 4.864783708669611
1.5776685483387507 4.866083896190843
1.5680605069479825 4.867420463856985
1.558462855983738 4.868792759691699
1.5488753592481186 4.87020013171865
1.5392977805432262 4.871641927961503
1.5297298836711621 4.8731174964439194
1.520171432434028 4.874626185189567
1.5106221906339259 4.876167342222108
1.5010819220729568 4.877740315565208
1.4915503905532224 4.879344453242529
1.4820273598768245 4.880979103277738
1.472512593845865 4.882643613694497
1.4630058562624448 4.884337332516472
1.4535069109286662 4.886059607767327
1.4440155216466304 4.887809787470724
1.4345314522184391 4.8895872196503305
1.425054466446194 4.891391252329808
1.4155843281319966 4.893221233532823
1.4061208010779485 4.895076511283038
1.3966636490861513 4.8969564336041165
1.3872126359587065 4.898860348519727
1.377767525497716 4.900787604053528
1.3683280815052814 4.902737548229189
1.3588940677835042 4.904709529070371
1.3494652481344858 4.90670289460074
1.3400413863603282 4.908716992843958
1.3306222462631327 4.910751171823692
1.3212075916450008 4.912804779563605
1.3117971863080349 4.91487716408736
1.3023907940543353 4.916967673418624
1.2929881786860047 4.919075655581057
1.2835891040051444 4.921200458598328
1.2741933338138558 4.9233414304941
1.2648006319142409 4.9254979192920345
1.2554107621084007 4.927669273015798
1.2460234881984376 4.929854839689055
1.2366385739864525 4.932053967335469
1.2272557832745474 4.9342660039787045
1.217874879864824 4.9364902976424245
1.2084956275593834 4.938726196350296
1.1991177901603278 4.940973048125981
1.1897411314697581 4.9432302009931455
1.180365415289777 4.9454970029754515
1.1709904054224847 4.947772802096566
1.1616158656699842 4.950056946380149
1.1522415598343763 4.952348783849868
1.1428672517177625 4.954647662529388
1.1334927051222452 4.956952930442371
1.124117683849925 4.9592639356124835
1.114741951702904 4.961580026063387
1.1053652724832843 4.963900549818748
1.0959874099931666 4.966224854902229
1.086608128034653 4.968552289337495
1.0772271904098452 4.970882201148211
1.0678443609208443 4.9732139383580405
1.0584594033697525 4.975546848990649
1.0490720815586712 4.977880281069699
1.0396821592897019 4.980213582618855
1.0302894003649463 4.982546101661782
1.020893568586506 4.9848771862221435
1.0114944277564826 4.987206184323605
1.0020917416769777 4.989532443989828
0.9926852741500928 4.991855313244481
0.9832747889779297 4.994174140111225
0.9738600499625901 4.996488272613726
0.9644408209061752 4.9987970587756445
0.9550168656107869 5.00109984662065
0.9455879478785267 5.003395984172404
0.9361538315114964 5.005684819454571
0.9267142803117975 5.007965700490816
0.9172690580815315 5.010237975304802
0.9078179286228001 5.012500991920195
0.898360655737705 5.014754098360656
0.88851584093998 5.018453467928843
0.8781459324563762 5.023941571478058
0.8676164641585201 5.029547203357933
0.8572929699180383 5.0335991579181005
0.8475409836065573 5.034426229508197
0.8419773040652585 5.029989222757666
0.8413658324435761 5.021341021536541
0.8417927560755154 5.011448539055344
0.839344262295082 5.003278688524591
0.8326282480911948 4.997461113835764
0.8236447664067751 4.99235993671758
0.8135682385068309 4.98754378713641
0.8035730856563708 4.9825812950586235
0.7948337291204025 4.977041090450593
0.7885245901639345 4.970491803278688
0.7861246488414643 4.9582513369918555
0.7885245901639345 4.945901639344263
0.7943504193826556 4.9391238404945925
0.801742365949478 4.933411887389845
0.8102637448648882 4.928449701636699
0.8194778711293722 4.9239212048418315
0.8289480597434162 4.919510318611921
0.8382376257075066 4.914900964553645
0.8469098840221296 4.909777064273682
0.8545281496877714 4.903822539378711
0.860655737704918 4.896721311475409
0.8656679112778887 4.888846745379194
0.8699328235560908 4.880794195570757
0.8730031244576437 4.8725805681546905
0.8744314639006665 4.864222769235585
0.8737704918032787 4.855737704918033
0.8711804830519442 4.846123977471385
0.8670792020989787 4.835502083539487
0.8614055332112778 4.825571770788666
0.8540983606557377 4.8180327868852455
0.8459345791731555 4.8129568394739906
0.8377099430678371 4.809118999976397
0.8293916259519407 4.806274061723895
0.8209468014376254 4.80417681804791
0.8123426431370496 4.802582062279872
0.8035463246623716 4.801244587751205
0.7945250196257504 4.799919187793341
0.7852459016393443 4.798360655737705
0.7757995465990989 4.796721245564855
0.7663013105747244 4.795297913841833
0.7567555374390268 4.79406250777979
0.7471665710648114 4.792986874589873
0.7375387553248844 4.7920428614832336
0.7278764340920513 4.791202315671024
0.7181839512391178 4.790437084364392
0.7084656506388899 4.789719014774487
0.698725876164173 4.789019954112461
0.6889689716877732 4.7883117495894645
0.6791992810824958 4.7875662484166455
0.669421148221147 4.786755297805157
0.6596389169765323 4.7858507449661465
0.6498569312214574 4.784824437110765
0.6400795348287281 4.783648221450163
0.6303110716711503 4.782293945195493
0.6205558856215296 4.7807334555579
0.6108183205526717 4.778938599748538
0.6011027203373824 4.776881224978556
0.5914134288484675 4.774533178459104
0.5817547899587326 4.771866307401333
0.5721311475409836 4.768852459016393
0.562298330241128 4.7653653147989425
0.5521266102982747 4.761334213112238
0.5417919969750323 4.756814486470315
0.5314704995340088 4.751861467387213
0.5213381272378126 4.74653048837697
0.5115708893490516 4.740876881953627
0.5023447951303343 4.734955980631219
0.4938358538442687 4.728823116923788
0.48622007475346307 4.722533623345372
0.4796734671205257 4.716142832410006
0.4743720402080648 4.709706076631734
0.4704918032786885 4.703278688524591
0.46902600721783866 4.696830070875304
0.4705411580612661 4.690295948721727
0.4745731477970424 4.683681137954584
0.4806578684132394 4.676990454464604
0.48833121189792866 4.670228714142512
0.49712907023918185 4.663400732879037
0.5065873354250706 4.656511326564904
0.5162418994436666 4.649565311090842
0.5256286542830417 4.642567502347577
0.5342834919312673 4.635522716225837
0.5417423043764154 4.628435768616348
0.5475409836065573 4.621311475409836
0.5522800728497212 4.614072365128444
0.5568745474577532 4.606643069733057
0.5613319476044518 4.599031560272514
0.5656598134636156 4.591245807795658
0.5698656852090435 4.583293783351329
0.5739571030145338 4.575183457988372
0.5779416070538856 4.566922802755625
0.5818267375008973 4.558519788701931
0.5856200345293675 4.549982386876131
0.5893290383130951 4.541318568327067
0.5929612890258786 4.532536304103581
0.5965243268415166 4.523643565254514
0.6000256919338078 4.514648322828708
0.6034729244765511 4.505558547875004
0.6068735646435448 4.496382211442244
0.6102351526085877 4.487127284579268
0.6135652285454786 4.477801738334919
0.6168713326280159 4.4684135437580395
0.6201610050299983 4.458970671897469
0.6234417859252247 4.44948109380205
0.6267212154874936 4.439952780520624
0.6300068338906036 4.430393703102033
0.6333061813083535 4.420811832595118
0.6366267979145418 4.41121514004872
0.6399762238829673 4.401611596511681
0.6433619993874287 4.392009173032842
0.6467916646017242 4.3824158406610465
0.6502727596996531 4.372839570445134
0.6538128248550138 4.363288333433947
0.6574194002416048 4.3537701006763285
0.661100026033225 4.344292843221116
0.6648622424036729 4.334864532117155
0.6687135895267473 4.325493138413285
0.6726616075762466 4.316186633158348
0.6767138367259697 4.3069529874011865
0.6808778171497153 4.29780017219064
0.6851610890212818 4.288736158575551
0.6895711925144681 4.279768917604762
0.6941156678030728 4.270906420327114
0.6988020550608943 4.262156637791447
0.7036378944617316 4.253527541046604
0.7086307261793833 4.245027101141428
0.7137880903876479 4.236663289124757
0.7191175272603243 4.228444076045435
0.7246265769712109 4.220377432952304
0.7303227796941066 4.2124713308942034
0.7362136756028098 4.204733740919977
0.7423068048711192 4.197172634078465
0.7486097076728337 4.189795981418508
0.7551299241817518 4.18261175398895
0.7618749945716722 4.175627922838632
0.7688524590163935 4.168852459016393
0.7765982145033571 4.163674085346747
0.7854383747843436 4.160969236697977
0.7950658051796605 4.159977452184582
0.8051733710096156 4.159938270921063
0.8154539375945161 4.1600912320219186
0.8256003702546699 4.15967587460165
0.8353055343103843 4.1579317377747556
0.8442622950819672 4.154098360655737
0.8527062198728137 4.148893691576569
0.8610656677626713 4.143534336109514
0.8693226917363743 4.138007819229506
0.8774593447787579 4.132301665911473
0.8854576798746565 4.126403401130349
0.8932997500089052 4.1203005498610645
0.9009676081663384 4.113980637078553
0.908443307331791 4.107431187757744
0.915708900490098 4.100639726873569
0.9227464406260939 4.09359377940096
0.9295379807246136 4.086280870314847
0.9360655737704918 4.078688524590164
0.9414847759903276 4.070597886416153
0.9452488623555197 4.061913610251171
0.9477864639681038 4.052808486473822
0.9495262119301143 4.043455305462703
0.9508967373435865 4.034026857596416
0.9523266713105554 4.024695933253565
0.954244644933056 4.0156353228127495
0.9570792893131236 4.00701781665257
0.9612592355527926 3.9990162051516274
0.9672131147540984 3.9918032786885247
0.9742992248739092 3.985178131809659
0.9815767238871949 3.9788068712328903
0.9890255329231451 3.9726628055940134
0.9966255731109486 3.9667192435288214
1.0043567655797943 3.9609494936731084
1.0121990314588714 3.9553268646626676
1.0201322918773688 3.9498246651332947
1.0281364679644758 3.944416203720782
1.0361914808493806 3.9390747890609243
1.044277251661273 3.9337737297895154
1.052373701529342 3.928486334542349
1.0604607515827762 3.9231859119552186
1.0685183229507644 3.917845770663919
1.0765263367624966 3.9124392193042437
1.084464714147161 3.906939566511987
1.0923133762339468 3.901320120922942
1.1000522441520426 3.8955541911729035
1.1076612390306382 3.8896150858976646
1.1151202819989223 3.8834761137330207
1.1224092941860837 3.8771105833147637
1.1295081967213114 3.870491803278689
1.1364971784706959 3.8637119862457188
1.1434679301386497 3.8568822480526688
1.1504176256118464 3.8500042521591697
1.157343438776958 3.843079662024854
1.1642425435206574 3.8361101411093523
1.1711121137296177 3.8290973528722976
1.1779493232905125 3.8220429607733206
1.1847513460900134 3.8149486282720524
1.191515356014794 3.8078160188281247
1.1982385269515268 3.8006467959011703
1.2049180327868851 3.79344262295082
1.2112606636081227 3.786055827021444
1.2170754435888893 3.7783846877496456
1.222512897745453 3.7704997974834082
1.2277235510940798 3.7624717485707118
1.2328579286510375 3.754371133359539
1.238066555432593 3.746268544197871
1.2434999564550135 3.73823457343369
1.2493086567345661 3.7303398134149788
1.2556431812875182 3.722654856489718
1.2626540551301368 3.715250295005889
1.2704918032786885 3.708196721311475
1.278904967474539 3.701615439741276
1.2875238280813897 3.69555259422868
1.2963215180490133 3.689966036519549
1.3052711703271822 3.6848136183597413
1.3143459178656696 3.680053191495119
1.3235188936142475 3.675642607671543
1.3327632305226889 3.671539718634874
1.3420520615407658 3.6677023761309733
1.3513585196182512 3.6640884319057005
1.360655737704918 3.660655737704918
1.3699428797437654 3.6573292563223863
1.3792359295145058 3.654061898098176
1.3885332497219798 3.650853436097608
1.3978332030710285 3.647703643386003
1.407134152266492 3.6446122930286835
1.4164344600132115 3.6415791580909707
1.4257324890160274 3.6386040116381855
1.4350266019797808 3.635686626735649
1.4443151616093122 3.6328267764486837
1.453596530609463 3.6300242338426107
1.462869071685073 3.6272787719827506
1.4721311475409835 3.624590163934426
1.4813738351642098 3.6219651787813474
1.490594581133064 3.6194195929935704
1.499801302539329 3.616966690715933
1.5090019164747894 3.6146197560932736
1.518204340031229 3.6123920732704304
1.5274164903004317 3.6102969263922415
1.5366462843741813 3.6083475996035457
1.5459016393442624 3.60655737704918
1.5551870217380133 3.6049401185319607
1.5645007681792489 3.603496060586713
1.573841600904466 3.602218052456283
1.5832082421501619 3.601098943383521
1.5925994141528343 3.6001315826112763
1.60201383914898 3.599308819382397
1.6114502393750967 3.598623502939733
1.6209073370676808 3.598068482526133
1.6303838544632305 3.597636607384445
1.6398785137982426 3.5973207267575185
1.6493900373092143 3.597113689888203
1.658917147232643 3.5970083460193467
1.668458565805026 3.5969975443937985
1.6780130152628605 3.5970741342544086
1.6875792178426436 3.5972309648440244
1.6971558957808726 3.597460885405495
1.706741771314045 3.5977567451816705
1.7163355666786577 3.5981113934153988
1.7259360041112084 3.598517679349529
1.7355418058481937 3.59896845222691
1.7451516941261114 3.599456561290392
1.7547643911814585 3.599974855782822
1.7643786192507322 3.60051618494705
1.77399310057043 3.601073398025925
1.7836065573770492 3.6016393442622956
1.793292389218537 3.6027390872259493
1.8030972621953507 3.604672258699118
1.812979798372751 3.6070935602433143
1.822898619815999 3.609657693420053
1.8328123485903565 3.6120193597908465
1.842679606761084 3.6138332609172097
1.852459016393443 3.614754098360656
1.8620975839431364 3.6147668845574157
1.8715837281799308 3.614145900376492
1.880938189640182 3.6129797500285594
1.8901817088602464 3.61135703772429
1.8993350263764797 3.609366367674357
1.9084188827252375 3.607096344089435
1.9174540184428766 3.604635571180197
1.9264611740657525 3.602072653157316
1.9354610901302212 3.599496194231465
1.9444745071726384 3.5969947986133186
1.9535221657293604 3.59465707051355
1.9626248063367429 3.5925716141428317
1.9718031695311424 3.5908270337118373
1.9810779958489142 3.5895119334312406
1.9904700258264147 3.5887149175117155
2.0 3.588524590163934
2.010143777108496 3.5888905582031656
2.021073038729515 3.5896513384794795
2.032352259657592 3.5907289002557548
2.043545914687259 3.592045212794867
2.0542184786130533 3.593522245359695
2.063934426229508 3.595081967213115
2.073017647132179 3.596925920777989
2.0820831335330876 3.59926714070814
2.0911320141514658 3.602044834612888
2.100165417706545 3.605198210101555
2.1091844729175566 3.608666474783462
2.1181903085037312 3.612388836267929
2.127184053184302 3.616304502164276
2.1361668356784995 3.6203526800818255
2.145139784705555 3.6244725776298985
2.1541040289847007 3.6286034024178146
2.1630606972351676 3.6326843620548948
2.1720109181761877 3.6366546641504605
2.180955820526991 3.6404535163138325
2.1898965330068116 3.6440201261543317
2.198834184334879 3.6472937012812783
2.207769903230425 3.6502134493039935
2.216704818412682 3.652718577831798
2.2256400586008804 3.654748294474013
2.234576752514253 3.656241806839959
2.2435160288720293 3.6571383225389575
2.2524590163934426 3.657377049180328
2.2614006473370325 3.656822247461791
2.2703349180828227 3.655419098755423
2.279261553532271 3.6532281916820817
2.2881802785868337 3.6503101148626236
2.297090818147969 3.6467254569179075
2.305992897117132 3.6425348064687904
2.3148862403957824 3.63779875213613
2.3237705728853753 3.632577882540783
2.3326456194873693 3.626932786303608
2.34151110510322 3.620924052045462
2.3503667546343863 3.614612268387202
2.359212292982324 3.6080580239496856
2.368047445048491 3.6013219073537712
2.3768719357343437 3.5944645072203163
2.38568548994134 3.5875464121701772
2.394487832570936 3.5806282108242122
2.40327868852459 3.5737704918032787
2.4112471759928495 3.5667125889306415
2.4177514224149665 3.559207741318795
2.4230446665654517 3.5513373955224417
2.427380147218816 3.54318299809628
2.4310111031495705 3.5348259955950128
2.4341907731322276 3.52634783457334
2.437172395941297 3.5178299615859645
2.44020921035129 3.509353823187585
2.4435544551367183 3.501000865932904
2.447461369072093 3.4928525363766227
2.4521831909319256 3.4849902810734408
2.4579731594907264 3.477495546578061
2.4650845135230073 3.470449779445183
2.473770491803279 3.463934426229508
2.4833359445395597 3.4580329449163383
2.4929159365051423 3.4528182580923255
2.502509028322449 3.448356009214198
2.512113780613904 3.444711841738682
2.521728754001928 3.4419513991225057
2.531352509108945 3.4401403248223965
2.540983606557377 3.439344262295082
2.550619754657939 3.4391430170967126
2.56025934513031 3.4390726855950313
2.5699019637103597 3.4391333474641512
2.5795471961339578 3.439325082378186
2.589194628136974 3.4396479700112486
2.5988438454552782 3.440102090037453
2.6084944338247418 3.4406875221309132
2.6181459789812322 3.441404345965742
2.627798066660621 3.442252641216053
2.6374502825987767 3.4432324875559597
2.6471022125315704 3.4443439646595766
2.656753442194872 3.445587152201016
2.6664035573245504 3.4469621298543918
2.676052143656476 3.4484689772938184
2.6856987869265185 3.450107774193408
2.6953430728705485 3.4518786002272748
2.704984587224435 3.453781535069532
2.714622915724048 3.4558166583942933
2.7242576441052573 3.4579840498756726
2.733888358103933 3.4602837891877836
2.7435146434559456 3.4627159560047387
2.7531360858971636 3.4652806300006525
2.7627522711634582 3.467977890849638
2.7723627849906984 3.470807818225809
2.781967213114754 3.473770491803279
2.791549348435228 3.476818868302358
2.8010937575221813 3.479905293761379
2.810601186617177 3.4830289318314875
2.8200723819617757 3.4861889461638307
2.829508089797538 3.4893845004095563
2.838909056366025 3.4926147582198093
2.8482760279087986 3.4958788832457377
2.85760975066742 3.4991760391384874
2.8669109708834495 3.5025053895492055
2.876180434798449 3.5058660981290384
2.885418888653979 3.5092573285291326
2.8946270786916015 3.5126782444006355
2.9038057511528774 3.5161280093946927
2.9129556522793676 3.5196057871624524
2.922077528312633 3.52311074135506
2.931172125494236 3.5266420356236625
2.9402401900657362 3.5301988336194063
2.9492824682686956 3.533780298993439
2.958299706344675 3.5373855953969064
2.967292650535237 3.541013886480955
2.9762620470819408 3.5446643358967327
2.9852086422263477 3.548336107295385
2.99413318221002 3.5520283643280592
3.0030364132745193 3.5557402706459014
3.0119190816614045 3.559470989900059
3.0207819336122386 3.563219685741678
3.0296257153685824 3.5669855218219055
3.0384511731719974 3.570767661791888
3.0472590532640433 3.5745652693027723
3.056050101886283 3.5783775080057048
3.064825065280277 3.582203541551832
3.073584689687586 3.586042533592302
3.0823297213497716 3.5898936477782595
3.091060906508395 3.593756047760853
3.0997789914050173 3.597628897191227
3.1084847222812 3.6015113597205306
3.1171788453785036 3.605402598999909
3.1258621069384893 3.6093017786805093
3.1345352532027193 3.6132080624134773
3.1431990304127537 3.617120613849961
3.1518541848101536 3.621038596641107
3.160501462636481 3.6249611744380608
3.169141610133297 3.6288875108919703
3.177775373542162 3.632816769653981
3.186403499104637 3.6367481143752407
3.1950267330622846 3.640680708706895
3.203645821656665 3.644613716300092
3.2122615111293387 3.6485463008059766
3.220874547721868 3.652477625875697
3.229485677675814 3.6564068551603994
3.2380956472327376 3.6603331523112304
3.2467052026342 3.6642556809793363
3.255315090121761 3.668173604815864
3.2639260559369845 3.672086087471961
3.2725388463214298 3.6759922925987722
3.2811542075166584 3.6798913838474463
3.2897728857642314 3.683782524869128
3.2983956273057102 3.6876648793149664
3.3070231783826562 3.691537610836106
3.31565628523663 3.6953998830836943
3.324295694109193 3.6992508597088776
3.3329421512419066 3.703089704362803
3.3415964028763314 3.7069155806966174
3.3502591952540293 3.7107276523614665
3.3589312746165603 3.7145250830084984
3.367613387205487 3.7183070362888584
3.37630627926237 3.722072675853694
3.38501069702877 3.7258211653541515
3.393727386746249 3.729551668441378
3.4024570946563673 3.7332633487665197
3.4112005670006864 3.736955369980723
3.4199585500207683 3.7406268957351356
3.4287317899581717 3.744277089680904
3.4375210330544608 3.7479051154691736
3.4463270255511955 3.751510136751092
3.4551505136899365 3.755091317177806
3.4639922437122452 3.7586478204004625
3.472852961859683 3.7621788100702074
3.4817334143738115 3.7656834498381877
3.4906343474961914 3.76916090335555
3.499556507468383 3.772610334273442
3.508500640531949 3.7760309062430086
3.517467492928449 3.7794217829153975
3.526457810899446 3.7827821279417555
3.5354723406865 3.7861111049732292
3.5445118285311716 3.789407877660964
3.5535770206750237 3.792671609656109
3.5626686633596156 3.795901464609809
3.57178750282651 3.799096606173211
3.580934285317267 3.802256197997462
3.5901097570734484 3.8053794037337085
3.599314664336615 3.808465387033097
3.6085497533483286 3.8115133115467743
3.6178157703501497 3.8145223409258877
3.6271134615836393 3.8174916388215836
3.636443573290359 3.820420368885008
3.64580685171187 3.8233076947673075
3.6552040430897335 3.8261527801196302
3.6646358936655097 3.828954788593121
3.6741031496807612 3.831712883838928
3.6836065573770487 3.834426229508197
3.6931344461971007 3.8370604571413693
3.702674072309579 3.8395860275323077
3.712224572044946 3.842009348212288
3.721785081733663 3.844336826712589
3.7313547377061926 3.8465748705644867
3.7409326762929953 3.84872988729926
3.7505180338245343 3.8508082844481843
3.7601099466312706 3.852816469542539
3.7697075510436653 3.854760850113601
3.7793099833921815 3.856647833692647
3.78891638000728 3.8584838278109554
3.798525877219423 3.860275239999802
3.808137611359072 3.862028477790466
3.817750718756689 3.863749948714224
3.827364335742735 3.865446060302353
3.8369775986476733 3.8671232200861314
3.8465896438019644 3.868787835596835
3.8561996075360705 3.870446314365743
3.865806626180453 3.872105063924132
3.875409836065574 3.8737704918032794
3.885026703714856 3.875514204567017
3.894672683145723 3.8773723458699085
3.9043438919296323 3.879298128879334
3.914036447638045 3.881244766762669
3.9237464678424208 3.883165472687291
3.93347007011422 3.8850134598205788
3.943203372024902 3.88674194132991
3.952942491145927 3.88830413038266
3.962683545048755 3.8896532401462087
3.972422651304846 3.890742483787932
3.98215592748566 3.891525074475209
3.991879491162656 3.891954225375416
4.0015894599072945 3.8919831496559305
4.0112819512910365 3.8915650604841305
4.020953082885341 3.890653171027394
4.030598972261666 3.889200694453098
4.040215736991475 3.8871608439286196
4.0497994946462255 3.884486832621337
4.0593463627973785 3.881131873698627
4.0688524590163935 3.8770491803278686
4.077487953849098 3.871883023449235
4.084613807767123 3.8654590336754193
4.090512323230628 3.858002463682576
4.095465802699779 3.849738566146859
4.099756548634734 3.8408925937444254
4.103666863495659 3.831689799151427
4.107479049742715 3.822355435044021
4.111475409836065 3.8131147540983608
4.115468296716156 3.8039154726281272
4.119125500938625 3.794574444919797
4.122512481386412 3.785120630608717
4.125694696942463 3.775582989330235
4.12873760648972 3.765990480719699
4.131706668911127 3.756372064412455
4.1346673430896255 3.746756700043852
4.13768508790816 3.737173347249237
4.1408253622496725 3.727650965663958
4.144153624997105 3.718218514923361
4.1477353350334045 3.708904954662795
4.151635951241511 3.699739244517607
4.155920932504369 3.690750344123144
4.16065573770492 3.681967213114754
4.165727466291697 3.673345057123927
4.170976987005795 3.664831947316288
4.176400412669001 3.6564461416283933
4.1819938561031 3.648205897996794
4.187753430129882 3.640129474358045
4.1936752475711305 3.632235128648698
4.199755421248636 3.624541118805308
4.205990063984181 3.617065702764428
4.212375288599558 3.6098271384626126
4.218907207916548 3.6028436838364124
4.225581934756941 3.596133596822383
4.232395581942523 3.5897151353570775
4.239344262295082 3.583606557377049
4.24637402141541 3.577771437145832
4.253436883987771 3.572138915716822
4.260537931459156 3.566675601211368
4.267682245276558 3.5613481017508177
4.274874906886969 3.5561230254565177
4.282120997737379 3.5509669804498167
4.289425599274781 3.5458465748520616
4.296793792946166 3.5407284167846007
4.304230660198527 3.535579114368781
4.311741282478855 3.5303652757259507
4.3193307412341415 3.5250535089774577
4.327004117911378 3.5196104222446487
4.3347664939575585 3.5140026236488726
4.342622950819672 3.5081967213114758
4.350602892965814 3.5022616405215117
4.358718129036467 3.4962926013762
4.366947346737221 3.490295654209138
4.375269233773655 3.4842768493539236
4.383662477851353 3.478242237144156
4.392105766675901 3.472197867913432
4.40057778795288 3.4661497919953494
4.409057229387874 3.4601040597235073
4.417522778686467 3.4540667214315017
4.425953123554241 3.448043827452932
4.434326951696783 3.4420414281213967
4.442622950819672 3.436065573770492
4.450816176937648 3.430209322243448
4.458891598310165 3.4245370729135627
4.4668427710098815 3.419011888409535
4.474663251109455 3.4135968313600675
4.48234659468154 3.4082549643938598
4.489886357798797 3.4029493501396137
4.497276096533884 3.397643051226029
4.504509366959459 3.3922991302818066
4.511579725148177 3.386880649935648
4.518480727172698 3.381350672816253
4.525205929105681 3.3756722615523227
4.5317488870197815 3.369808478772558
4.538103156987657 3.3637223871056596
4.544262295081967 3.357377049180328
4.541084699870364 3.3481274191892076
4.536065573770492 3.3377049180327867
4.538746872767834 3.328935061689376
4.542004603811768 3.320284365407101
4.545788605195783 3.311742090781151
4.550048715213369 3.3032974994067135
4.554734772158013 3.294939852878977
4.5597966143232025 3.28665841279313
4.565184080002428 3.27844244074436
4.570847007489174 3.270281198327856
4.576735235076932 3.2621639471388058
4.5827986010591895 3.2540799487723975
4.5889869437294335 3.24601846482382
4.595250101381153 3.2379687568882605
4.601537912307837 3.229920086560908
4.607800214802973 3.2218617154369507
4.6139868471600485 3.2137829051115756
4.6200476476725525 3.205672917179973
4.625932454633973 3.197521013237329
4.631591106337798 3.1893164548788335
4.636973441077516 3.181048503699673
4.642029297146616 3.172706421295038
4.646708512838585 3.1642794692601153
4.6509609264469125 3.1557569091900928
4.654736376265085 3.147128002680159
4.657984700586591 3.1383820113255028
4.66065573770492 3.1295081967213116
4.662985467549836 3.120070711156885
4.665124147470318 3.109816574783968
4.666893031888679 3.0990093509914205
4.668113375227228 3.0879126031681006
4.668606431908274 3.0767898947028662
4.668193456354129 3.0659047889845756
4.666695702987105 3.0555208494020882
4.663934426229508 3.045901639344262
4.66018772865939 3.037046376220705
4.655837548125895 3.028765563795119
4.650860891957978 3.021039694987506
4.645234767484599 3.013849262717867
4.638936182034708 3.007174759906204
4.631942142937265 3.000996679472519
4.6242296575212265 2.9952955143368127
4.615775733115545 2.990051757419087
4.60655737704918 2.985245901639344
4.596841610150178 2.9808246977974004
4.586960770836514 2.9768029182720688
4.576989842822032 2.97326308835184
4.567003809820575 2.9702877333252067
4.557077655545986 2.9679593784806615
4.547286363712109 2.9663605491066964
4.537704918032787 2.9655737704918037
4.528266078895434 2.9652866688109265
4.518851089074551 2.9651248898571883
4.509457655864611 2.9650779883463496
4.500083486560091 2.9651355189941704
4.490726288455463 2.965287036516414
4.481383768845203 2.9655220956288386
4.472053635023785 2.965830251047206
4.462733594285685 2.966201057487278
4.453421353925374 2.966624069664814
4.444114621237331 2.9670888422955755
4.434811103516027 2.9675849300953234
4.425508508055939 2.9681018877798184
4.416204542151539 2.968629270064821
4.406896913097304 2.9691566316660936
4.397583328187706 2.9696735272993946
4.388261494717223 2.9701695116804863
4.378929119980326 2.9706341395251306
4.3695839112714925 2.9710569655490855
4.360223575885193 2.9714275444681144
4.350845821115907 2.9717354309979775
4.341448354258105 2.9719701798544342
4.332028882606265 2.9721213457532474
4.322585113454858 2.9721784834101768
4.31311475409836 2.9721311475409835
4.303395218936098 2.97206498778725
4.293283234315959 2.9720194176014054
4.2828954754552715 2.9719146374154777
4.27234861757136 2.9716708476614966
4.2617593358815515 2.971208248771491
4.251244305603169 2.9704470411774895
4.240920201953538 2.969307425311522
4.2309037001499865 2.967709601605617
4.221311475409836 2.9655737704918037
4.212366863795549 2.9624123197622594
4.204126938775648 2.957951479409476
4.196458981676543 2.952432213165951
4.189230273824652 2.946095484764185
4.182308096546386 2.9391822579366758
4.175559731168162 2.9319334964159234
4.168852459016393 2.924590163934426
4.16221034213835 2.917270659539868
4.155740496586772 2.9099247313994385
4.1494347846962825 2.9025403669248946
4.143285068801501 2.895105553527995
4.137283211237047 2.887608278620496
4.131421074337541 2.8800365296141552
4.125690520437605 2.87237829392073
4.120083411871858 2.8646215589519777
4.114591610974919 2.8567543121196564
4.109206980081412 2.848764540835522
4.103921381525956 2.840640232511334
4.098726677643171 2.832369374558848
4.093614730767678 2.823939954389822
4.088577403234098 2.8153399594160136
4.083606557377049 2.80655737704918
4.079459478794136 2.797143514352151
4.076700260094051 2.7870020321546507
4.075030974128044 2.7766494485187803
4.07415369374737 2.7666022815066396
4.0737704918032795 2.757377049180328
4.07464968473444 2.7488044421074105
4.0775680611776295 2.7403638494155165
4.082240402281269 2.7320448370068484
4.0883814891937815 2.7238369707836063
4.095706103063586 2.715729816647992
4.103929025039104 2.7077129405022062
4.112765036268759 2.699775908248451
4.12192891790097 2.6919082857889265
4.131135451084159 2.6840996390258347
4.1400994169667475 2.676339533861376
4.148535596697157 2.668617536197752
4.156158771423809 2.6609232119371646
4.162683722295124 2.6532461269818133
4.167825230459523 2.645575847233901
4.171298077065428 2.6379019385956277
4.172817043261261 2.630213966969195
4.172096910195442 2.6225014982568036
4.168852459016393 2.614754098360656
4.163958354312488 2.6067703349548146
4.158516967672956 2.598520598227204
4.1525846407474996 2.5902521878508167
4.146217715185824 2.582212403498644
4.139472532637631 2.5746485448436793
4.132405434752626 2.567807911558914
4.125072763180512 2.5619378033173406
4.1175308595709925 2.557285519791951
4.109836065573771 2.554098360655738
4.101905707467267 2.553458716955806
4.093704111221895 2.5558880151855408
4.085358118025347 2.5607921081873615
4.0769945690653175 2.567576848803682
4.068740305529501 2.5756480898769194
4.06072216860559 2.5844116842494897
4.053066999481279 2.59327348476381
4.045901639344262 2.6016393442622956
4.039533138316133 2.609667855051615
4.0339639711374335 2.6178676299639188
4.0288641159242715 2.626169552629848
4.023903550792755 2.634504506680042
4.018752253858995 2.6428033757451423
4.013080203239101 2.650997043455789
4.00655737704918 2.6590163934426227
3.999489252982155 2.666911857903927
3.9924017251408594 2.6747715417020808
3.9852953962562743 2.682582837463872
3.9781708690593796 2.6903331378160833
3.971028746281155 2.698009835385502
3.963869630652582 2.705600322798913
3.9566941249046392 2.7130919926831014
3.9495028317683074 2.7204722376648527
3.942296353974567 2.727728450370953
3.935075294254398 2.734848023428187
3.92784025533878 2.7418183494633404
3.920591839958694 2.748626821103198
3.91333065084512 2.7552608309745463
3.9060572907290374 2.7617077717041707
3.8987723623414268 2.7679550359188556
3.891476468413269 2.7739900162453863
3.884170211675543 2.7798001053105503
3.87685419485923 2.785372695741131
3.8695290206953095 2.790695180163914
3.8621952919147606 2.7957549512056854
3.8548536112485663 2.8005394014932303
3.8475045814277045 2.8050359236533344
3.8401488051831563 2.8092319103127825
3.8327868852459006 2.8131147540983608
3.8254155571613477 2.812865812801912
3.8180024533188694 2.806852266012059
3.8105045217153886 2.7983402390507597
3.802878710347829 2.7905958572399676
3.795081967213114 2.7868852459016398
3.786334179943046 2.78656712696137
3.7763472639113362 2.786788057815548
3.7658162087277764 2.787495916992319
3.7554360040021546 2.78863858301983
3.745901639344262 2.790163934426229
3.737362849789601 2.7947116034788038
3.729279433641133 2.8006764834248
3.721311475409836 2.8016393442622958
3.712939550278375 2.796164600236895
3.70451246592848 2.7879892383846716
3.6969926556197255 2.77845288788941
3.6913425526116854 2.768895177934897
3.688524590163935 2.760655737704918
3.6876531448579333 2.7535149541716475
3.6871957188773967 2.746361161986916
3.6871444338852877 2.739195911853993
3.6874914115445656 2.7320207544761472
3.688228773518192 2.7248372405566483
3.6893486414691283 2.717646920798765
3.690843137060335 2.7104513459057666
3.6927043819547736 2.703252066580921
3.694924497815405 2.6960506335275
3.69749560630519 2.68884859744877
3.7004098290870893 2.6816475090480014
3.703659287824064 2.6744489190284635
3.7072361041790765 2.6672543780934244
3.711132399815086 2.6600654369461534
3.715340296395054 2.652883646289921
3.7198519155819425 2.6457105568279946
3.724659379038711 2.638547719263644
3.729754808428321 2.6313966843001384
3.735130325413734 2.6242590026407466
3.740778051657911 2.6171362249887378
3.7466901088238127 2.6100299020473816
3.7528586185743995 2.6029415845199466
3.7592757025726335 2.5958728231097017
3.765933482481475 2.588825168519916
3.7728240799638857 2.5818001714538594
3.7799396166828254 2.5747993826148003
3.787272214301257 2.567824352706008
3.7948139944821393 2.5608766324307517
3.8025570788884346 2.5539577724923004
3.8104935891831038 2.5470693235939224
3.818615647029108 2.5402128364388883
3.8269153740894075 2.533389861730466
3.835384892026964 2.5266019501719255
3.8440163225047383 2.5198506524665354
3.852801787185691 2.5131375193175645
3.861733407732784 2.506464101428283
3.870803305808978 2.4998319495019583
3.880003603077234 2.4932426142418613
3.8893264212005123 2.48669764635126
3.898763881841774 2.4801985965334232
3.908308106663981 2.4737470154916212
3.917951217330094 2.4673444539291225
3.9276853355030727 2.4609924625491963
3.9375025828458807 2.4546925920551113
3.9473950810214773 2.4484463931501366
3.9573549516928237 2.442255416537542
3.967374316522881 2.436121212920596
3.9774452971746093 2.430045333002568
3.987560015310971 2.424029327486727
3.9977105925949274 2.418074747076342
4.007889150689438 2.412183142474682
4.018087811257463 2.4063560643850166
4.0282986959619675 2.4005950635106146
4.0385139264659085 2.394901690554745
4.048725624432248 2.389277496220677
4.058925911523949 2.383724031211679
4.06910690940397 2.3782428462310214
4.079260739735274 2.3728354919819727
4.089379524180819 2.367503519167802
4.099455384403568 2.3622484784917788
4.1094804420664826 2.3570719206571713
4.1194468188325235 2.3519753963672487
4.129346636364652 2.346960456325281
4.139172016325826 2.3420286512345365
4.148915080379012 2.3371815317982847
4.158567950187166 2.3324206487197943
4.168122747413252 2.327747552702335
4.177571593720229 2.323163794449176
4.18690661077106 2.3186709246635853
4.196119920228704 2.3142704940488334
4.205203643756123 2.3099640533081884
4.214149903016279 2.305753153144919
4.222950819672131 2.3016393442622958
4.23286626654125 2.2997966620113686
4.243945080606353 2.3018831674425653
4.254362829778113 2.3071264498082167
4.262295081967213 2.314754098360656
4.2675312399657 2.323582936293062
4.271173695430103 2.3328820940253236
4.27336749956783 2.3425576216498336
4.274257703586281 2.352515569258986
4.273989358692861 2.3626619869451724
4.272707516094972 2.3729029248007865
4.270557227000019 2.383144432918222
4.267683542615406 2.393292561389871
4.264231514148537 2.4032533603081268
4.2603461928068125 2.412932879765383
4.256172629797639 2.422237169854032
4.251855876328419 2.4310722806664673
4.247540983606557 2.439344262295082
4.243105894704861 2.4472705105850086
4.238345094316944 2.4551339061351296
4.233278446081408 2.4629387261684617
4.22792581363686 2.470689247908022
4.222307060621905 2.478389748576827
4.216442050675148 2.4860445053978943
4.2103506474351935 2.49365779559424
4.204052714540646 2.501233896388881
4.197568115630111 2.508777085004834
4.190916714342194 2.5162916386651175
4.184118374315499 2.5237818345927456
4.177192959188632 2.5312519500107378
4.170160332600198 2.5387062621421093
4.163040358188801 2.5461490482098776
4.155852899593047 2.5535845854370596
4.148617820451539 2.561017151046672
4.141354984402885 2.568451022261732
4.134084255085687 2.5758904763052564
4.126825496138554 2.5833397904002617
4.119598571200086 2.590803241769765
4.112423343908892 2.5982851076367823
4.105319677903574 2.605789665224332
4.098307436822739 2.6133211917554307
4.091406484304993 2.620883964453094
4.084636683988936 2.62848226054034
4.0780178995131795 2.6361203572401855
4.071569994516323 2.6438025317756466
4.065312832636976 2.651533061369741
4.059266277513739 2.6593162232454857
4.053450192785221 2.667156294625896
4.047884442090025 2.6750575527339904
4.0425888890667565 2.683024274792785
4.03758339735402 2.6910607380252967
4.032887830590419 2.6991712196545428
4.028522052414563 2.70735999690354
4.024505926465053 2.715631346995305
4.020859316380495 2.723989547152855
4.017602085799494 2.7324388745992065
4.014754098360656 2.7409836065573767
4.012841025472463 2.7495806827736358
4.012289315313695 2.758184135637999
4.012969996678409 2.7667938813391
4.014754098360656 2.775409836065574
4.0173373306089735 2.7840290746955807
4.020447596914596 2.7926489515731427
4.024004215935629 2.8012698020856837
4.02792650633018 2.809891961620628
4.032133786756356 2.8185157655653987
4.036545375872265 2.827141549307421
4.041080592336012 2.835769648234118
4.045658754805704 2.844400397732915
4.0501991819394485 2.853034133191235
4.054621192395351 2.861671189996502
4.05884410483152 2.8703119035361397
4.06278723790606 2.8789566091975733
4.06636991027708 2.8876056423682264
4.069511440602685 2.896259338435522
4.072131147540984 2.904918032786885
4.074360565124194 2.9137856377205966
4.076319637297701 2.9230190788061328
4.077910297589355 2.9325482113377124
4.07903447952701 2.942302890609553
4.079594116638518 2.9522129719158725
4.079491142451732 2.96220831055089
4.078627490494503 2.972218761808823
4.076905094294685 2.9821741809838898
4.07422588738013 2.9920044233703074
4.0704918032786885 3.0016393442622955
4.0658331167591575 3.011018192488595
4.060472923997852 3.0201361647065053
4.054452390633908 3.0290070379530842
4.047812682306458 3.037644589265388
4.040594964654638 3.0460625956804726
4.032840403317583 3.054274834235396
4.024590163934426 3.0622950819672132
4.016083739601686 3.06960046663149
4.007529835066666 3.0757021998763774
3.9989234334446855 3.0806651845778097
3.9902595178510576 3.084554323611723
3.9815330714010977 3.0874345198540514
3.9727390772101225 3.089370676180731
3.963872518393448 3.0904276954676977
3.954928378066389 3.0906704805908847
3.945901639344262 3.0901639344262293
3.9365105792364603 3.0887537582569315
3.9266403703832107 3.086356755022563
3.916536339346084 3.083144480083613
3.9064438126866468 3.079288488800572
3.8966081169664695 3.074960336533931
3.887274578747119 3.0703315786441774
3.878688524590164 3.065573770491804
3.8707965056856803 3.0602280702212883
3.863352972602621 3.053821242472826
3.856315100970873 3.0465032523504783
3.849640066420325 3.038424064958307
3.8432850445808646 3.029733645400375
3.837207211082377 3.0205819587807428
3.8313637415547523 3.0111189702034737
3.825711811627877 3.0014946447726283
3.8202085969316375 2.991858947592269
3.814811273095923 2.9823618437664576
3.8094770157506197 2.973153298399256
3.8041630005256155 2.9643832765947256
3.798826403050798 2.956201743456929
3.7934243989560543 2.9487586640899273
3.7879141638712723 2.9422040035977837
3.7822528734263394 2.9366877270845584
3.7763977032511424 2.9323597996543143
3.7703058289755695 2.9293701864111137
3.763934426229508 2.927868852459017
3.757013132874442 2.928451818908513
3.749494083942007 2.931379968244445
3.74166820081732 2.936300557632405
3.7338264048854954 2.942860844237986
3.7262596175316505 2.950708085226783
3.7192587601409004 2.9594895377643873
3.7131147540983607 2.9688524590163934
3.708322664835406 2.9783845591979117
3.704989272012433 2.987917626628144
3.7028230683580903 2.9974650356288177
3.7015325466010265 3.0070401605216612
3.700826199469891 3.0166563756284033
3.7004125196933324 3.026327055270771
3.7 3.036065573770492
3.6997836116504166 3.0458541404747153
3.7001023489028415 3.055664075934453
3.7008807389825304 3.0654924212772268
3.7020433091147384 3.075336217630559
3.70351458652472 3.0851925061219725
3.705219098437731 3.0950583278789887
3.707081372079026 3.10493072402913
3.7090259346738597 3.11480673569992
3.7109773134474873 3.1246834040188793
3.712860035625164 3.1345577701135316
3.7145986284321455 3.144426875111399
3.7161176190936858 3.154287760140003
3.7173415348350396 3.1641374663268667
3.718194902881464 3.173973034799513
3.7186022504582112 3.1837915066854627
3.7184881047905387 3.193589923112239
3.7177769931037004 3.2033653252073644
3.7163934426229512 3.2131147540983607
3.7145129361648244 3.2227590681816003
3.7123615589963914 3.2322283622072456
3.7099397420187126 3.241533531833501
3.7072479161328515 3.250685472718573
3.704286512239868 3.2596950805206673
3.701055961240826 3.268573250897991
3.6975566940367846 3.277330879508748
3.693789141528807 3.2859788620111465
3.6897537346179545 3.2945280940633914
3.6854509042052896 3.302989471323688
3.680881081191873 3.3113738894502434
3.6760446964787676 3.319692244101262
3.6709421809670335 3.327955430934952
3.665573965557734 3.3361743456095176
3.6599404811519296 3.344359883783165
3.654042158650683 3.352522941114101
3.6478794289550547 3.3606744132605306
3.641452722966107 3.3688251958806603
3.6347624715849025 3.376986184632695
3.627809105712502 3.385168275174842
3.6205930562499677 3.393382363165307
3.6131147540983606 3.4016393442622954
3.6054975897084334 3.4098909966548603
3.5978648939163973 3.418073496883862
3.590217008201505 3.426174338135218
3.5825542740430074 3.434181013594845
3.574877032920159 3.4420810164486606
3.56718562631221 3.449861839882581
3.559480395698412 3.4575109770825243
3.551761682558019 3.4650159212344076
3.544029828370281 3.4723641655241475
3.5362851746144512 3.4795432031376614
3.528528062769782 3.4865405272608663
3.5207588343155236 3.49334363107968
3.5129778307309305 3.4999400077800185
3.5051853934952537 3.5063171505477997
3.497381864087744 3.51246255256894
3.489567583987655 3.518363707029358
3.4817428946742384 3.52400810711497
3.4739081376267467 3.529383246011693
3.4660636543244308 3.5344766169054442
3.458209786246543 3.5392757129821404
3.4503468748723365 3.5437680274276997
3.442475261681062 3.5479410534280382
3.4345952881519723 3.551782284169074
3.4267072957643196 3.5552792128367234
3.4188116259973547 3.558419332616904
3.410908620330331 3.5611901366955325
3.4029986202425007 3.563579118258527
3.3950819672131147 3.565573770491804
3.387139216218082 3.5669607532632623
3.3791531634071728 3.5675575934125674
3.3711275120204305 3.5673980845832847
3.3630659652979005 3.5665160204189794
3.354972226479626 3.564945194563217
3.3468499988056526 3.562719400659562
3.338702985516023 3.559872432351582
3.330534889850783 3.55643808328284
3.322349415049976 3.552450147096903
3.314150264353647 3.5479424174373353
3.30594114100184 3.542948687947704
3.2977257482345985 3.5375027522715725
3.289507789291968 3.531638404052507
3.2812909674139923 3.525389436934073
3.2730789858407157 3.5187896445598366
3.264875547812183 3.5118728205733616
3.256684356568438 3.5046727586182147
3.2485091153495245 3.4972232523379603
3.2403535273954875 3.4895580953761645
3.2322212959463714 3.481711081376393
3.224116124242221 3.4737160039822106
3.2160417155230787 3.4656066568371826
3.2080017730289905 3.4574168335848747
3.2 3.4491803278688526
3.1926769656218643 3.4403189218274535
3.1867710700308107 3.4305833227382294
3.1824327628925912 3.4205007119535673
3.1798124938729586 3.410598270825854
3.1790607126376638 3.401403180707476
3.180327868852459 3.39344262295082
3.1837055610226384 3.38658920082723
3.1889642542488907 3.380284879357356
3.195772698090059 3.3744108825175485
3.2037996421049866 3.3688484342841547
3.2127138358525182 3.363478758633526
3.2221840288914962 3.35818307954201
3.2318789707807647 3.352842620985956
3.241467411079167 3.3473386069417135
3.250618099345546 3.3415522613856306
3.2589997851387467 3.3353648082940572
3.2662812180176113 3.328657471643343
3.2721311475409838 3.321311475409836
3.2772958324496333 3.313437443481143
3.2824599144753885 3.3052687839468446
3.287199717663679 3.296870897086254
3.291091566059936 3.288309183178683
3.2937117837095915 3.2796490425034444
3.2946366946580756 3.27095587533985
3.29344262295082 3.2622950819672134
3.290463023328435 3.2527982500484622
3.286408787719528 3.2420908195961124
3.2814223959515263 3.2309789694138575
3.2756463278518555 3.2202688783053897
3.269223063247942 3.2107667250744027
3.2622950819672134 3.20327868852459
3.2551508019458204 3.198467221544937
3.247980771614123 3.1962803650573353
3.24078066654086 3.1964526799148323
3.2335461622947714 3.198718726970478
3.2262729344445957 3.20281306707732
3.218956658559072 3.2084702610884075
3.2115930102069403 3.215424869856789
3.2041776649569385 3.2234114542355132
3.1967062983778076 3.2321645750776278
3.1891745860382845 3.241418793236183
3.18157820350711 3.2509086695642266
3.173912826353022 3.260368764914807
3.166174130144761 3.269533640140974
3.1583577904510656 3.278137856095775
3.1504594828406747 3.285915973632259
3.1424748828823277 3.292602553603474
3.1343996661447635 3.297932156862471
3.126229508196721 3.3016393442622958
3.1176430564945674 3.3046762346336074
3.1084573709949415 3.307840814245814
3.098875746016991 3.310636445110094
3.0891014758798656 3.3125664892376228
3.079337854902712 3.313134308639578
3.06978817740468 3.311843265327137
3.060655737704918 3.3081967213114756
3.0526008588629256 3.3010213781511313
3.046069188084166 3.2906912871519434
3.04094200590673 3.2790308349460418
3.0371005928687103 3.267864408165558
3.0344262295081967 3.259016393442623
3.032440469301337 3.251936307975851
3.0307423632207326 3.2448578678262554
3.029329438049157 3.2377817579195622
3.0281992205693853 3.2307086631814963
3.0273492375641933 3.223639268537784
3.026777015816353 3.216574258914152
3.0264800821086415 3.2095143192363254
3.026455963223832 3.2024601344300305
3.0267021859447 3.195412389420993
3.0272162770540185 3.1883717691349385
3.0279957633345638 3.181338958497594
3.0290381715691095 3.1743146424346835
3.0303410285404304 3.167299505871935
3.031901861031301 3.160294233735073
3.0337181958244965 3.153299510949824
3.0357875597027904 3.1463160224419138
3.0381074794489584 3.1393444531370687
3.0406754818457746 3.1323854879610136
3.0434890936760133 3.1254398118394753
3.0465458417224496 3.118508109698179
3.0498432527678574 3.111591066462851
3.0533788535950124 3.1046893670592177
3.057150170986688 3.0978036964130045
3.0611547317256598 3.0909347394499376
3.0653900625947017 3.0840831810957425
3.0698536903765885 3.0772497062761444
3.074543141854094 3.070434999916871
3.0794559438099944 3.0636397469436463
3.084589623027063 3.056864632282198
3.0899417062880747 3.050110340858251
3.0955097203758046 3.0433775575975313
3.101291192073027 3.036666967425765
3.107283648162516 3.029979255268678
3.113484615427047 3.023315106051996
3.1198916206493936 3.016675204701445
3.126502190612331 3.010060236142751
3.133313852098634 3.003470885301639
3.1403241318910764 2.9969078371038367
3.147530556772434 2.990371776475069
3.15493065352548 2.9838633883410615
3.1625219489329908 2.9773833576275406
3.1703019697777384 2.9709323692602316
3.1782682428424995 2.9645111081648614
3.1864182949100477 2.9581202592671545
3.194749652763158 2.951760507492839
3.203259843184605 2.9454325377676382
3.2119463929571634 2.9391370350172803
3.220806828863607 2.93287468416749
3.229838677686711 2.926646170143993
3.2390394662092503 2.9204521778725154
3.248406721213999 2.914293392278784
3.257937969483732 2.908170498288524
3.267630737801223 2.902084180827461
3.2774825529492477 2.896035124821321
3.28749094171058 2.8900240151958307
3.297653430867995 2.8840515368767154
3.3079675472042673 2.878118374789701
3.318430817502171 2.872225213860513
3.3290407685444805 2.8663727390148774
3.339794927113971 2.8605616351785215
3.3506908199934164 2.85479258727717
3.3617259739655925 2.8490662802365487
3.372897915813273 2.843383398982384
3.384204172319232 2.8377446284404013
3.395642270266245 2.8321506535363272
3.4072097364370864 2.8266021591958865
3.418904097614531 2.821099830344806
3.430722880581352 2.815644351908812
3.4426636121203265 2.81023640881363
3.4547238190142266 2.804876685984985
3.466901028045828 2.799565868348604
3.479192765997905 2.7943046408302123
3.491596559653233 2.7890936883555364
3.504109935794586 2.7839336958503016
3.5167304212047386 2.778825348240234
3.5294555426664647 2.7737693304510596
3.54228282696254 2.7687663274085046
3.5552098008757382 2.7638170240382944
3.5682339911888343 2.7589221052661554
3.581352924684603 2.7540822560178126
3.5945641281458185 2.7492981612189924
3.607865128355256 2.744570505795421
3.62125345209569 2.739899974672825
3.6347266261498943 2.7352872527769287
3.648282177300644 2.7307330250334587
3.6619176323307143 2.7262379763681412
3.6756305180228788 2.7218027917067014
3.689418361159912 2.7174281559748663
3.70327868852459 2.7131147540983607
