11.07297856325819
10.660297226338685
10.442442316025549
10.47471675970344
10.651181437470157
10.827310958592108
10.894371047639055
10.874824382350454
10.821186230556549
10.771720006127154
10.714671034173918
10.627321207969558
10.507463064930064
10.421819386031814
10.45156661709538
10.643120014486854
10.931007249466248
11.227304206606405
11.474970801915049
11.712196386384946
11.995447498400765
12.356992102081705
12.757602673265126
13.144920380455318
13.474456723883591
13.72400967917548
13.875316482165672
13.924052213814392
13.903728854275158
13.854190439803943
13.802203104273204
13.740488704065356
13.656316254610857
13.543101092342141
13.409605538673077
13.266947792455838
13.126239052295276
12.998573746583332
12.895016972806047
12.820079359588107
12.763202185973327
12.711730199301726
12.655698127911393
12.59107747372893
12.514683168251352
12.431825922349859
12.36582001286365
12.342192139282773
12.374559691371843
12.452301745725038
12.56184982183926
12.689449869407682
12.820985022270918
12.942292566944019
13.038798304328125
13.095155007429042
13.096101432556907
13.042513816059753
12.964404508413566
12.894580127724836
12.843837196057706
12.784772336234894
12.686549949452413
12.546568488004496
12.409339506111976
12.323378616812064
12.306365226542496
12.326497998044118
12.347808421930239
12.351669715613042
12.346218876825674
12.34176875312707
12.342584045880116
12.343950523763127
12.340561044898578
12.333668907993854
12.3338975182497
12.352513207284545
12.397396056187176
12.471772475188928
12.578269584286161
12.708938219653731
12.841842208859617
12.954378561284983
13.034841188817467
13.085393291535993
13.109191992935848
13.112651872577118
13.106178009617523
13.100231766404733
13.09935499806845
13.101109420276458
13.102709776100767
13.102962087142927
13.10247863729839
13.101957383103368
13.101771356787339
13.101938537672964
13.102445759070292
13.102948444672137
13.102753386868287
13.101222605184091
13.099407873962846
13.100072256906913
13.105757282170757
13.112460884185666
13.10980105745449
13.087312884862513
13.038276300933148
12.95948628885742
12.848551542278585
12.716155618909838
12.584796710331617
12.476665984446356
12.400694492356351
12.354278735740223
12.334186797432281
12.33303338813812
12.339955438415217
12.34447750932081
12.344067432026307
12.3425951070125
12.343783013671853
12.346364596704802
12.345203192846768
12.335905150787028
12.326144825774136
12.33260579705808
12.370696219396393
12.435669038410595
12.50829820947024
12.57070674288937
12.626327600518195
12.693322988898927
12.788745282335682
12.912642970891454
13.053757859687735
13.20042910505515
13.33871524533835
13.453216121669527
13.530953687963063
13.58562194264411
13.64732172696921
13.743510416603854
13.871780270609577
14.012058528890165
14.14575963223399
14.271209327382252
14.396350101574939
14.527950827166876
14.660745403425736
14.782889467968502
14.883064862295626
14.955242488584588
14.99617148555906
15.004655352825608
14.996740884943677
14.997177299239112
15.028081565918228
15.089715512273983
15.17174591709157
15.262503820107142
15.340544125400243
15.379870369326156
15.359160632672243
15.291720194706443
15.206332156716996
15.128902911162243
15.064600313535408
15.009694521402238
14.959464882449254
14.902765576617185
14.825805466047441
14.717792617513027
14.587230776193522
14.450245045183166
14.320431094019582
14.195760506057368
14.068286112835906
13.932678960620692
13.79902253711613
13.682998610989685
13.59706354688548
13.535551035178486
13.486484620679235
13.438054063853087
13.379374609849577
13.299870326587907
13.191802904131237
13.061986061952538
12.921885957467893
12.782438074747972
12.651963597849573
12.53798308376453
12.447132986625036
12.381898810813297
12.343548612886778
12.331299124434139
12.335147680644369
12.342502474775628
12.343693737577993
12.341623575688118
12.3425742924084
12.349782076938482
12.353938350892022
12.342505666300212
12.305244274937493
12.240972366001685
12.150739882534111
12.036883499993152
11.90659569297786
11.768214176507797
11.630091221380383
11.500631685571179
11.388252153910472
11.299908820767925
11.237506136278412
11.201856465900235
11.191274872011974
11.195803773748437
11.203776037103381
11.206588589635814
11.20536039545864
11.203133712011251
11.202182722733525
11.202446831680149
11.203423329889773
11.204490238856636
11.20467815644497
11.20295645463824
11.19961888440632
11.19865695521601
11.204693269242739
11.21698220413245
11.22040781641735
11.197497704057326
11.140847214431986
11.068897664240211
11.00414098991375
10.95543042106732
10.898031971290791
10.802214501728074
10.660824250191482
10.520056908053746
10.43367599263479
10.424417462207671
10.444649525570028
10.43719788280984
10.374958158449601
10.29629556054681
10.248017366956802
10.249567416743616
10.263180091274009
10.24411800163628
10.175935288111944
10.098999223363563
10.060190740220335
10.073062706961096
10.086869787396466
10.043902821281733
9.92389420349214
9.775988558996815
9.656502567528094
9.589215977700675
9.539933062763254
9.468725180666183
9.355914660908326
9.216512410603201
9.068889913150812
8.92819110153593
8.804244108325008
8.70625348911399
8.635299279287722
8.57959309805267
8.526288462275659
8.467219126349008
8.401348987553177
8.328353088976868
8.25371591194812
8.191435925608431
8.155937354235377
8.149771860354164
8.158750479791067
8.167608063595509
8.169057776696775
8.166637607134717
8.164593161909934
8.164649380825168
8.165239992433982
8.164631282184416
8.163047896362457
8.163175447945306
8.16769453399624
8.173912918885833
8.17263968404069
8.154942147960199
8.131803782109003
8.137396241963145
8.205896407454702
8.334384932776842
8.478365344762523
8.592350376731105
8.66290217747806
8.711163017109001
8.75952005365697
8.818712021494875
8.887378157731348
8.963319065230365
9.0379901951694
9.096501847039306
9.124481696831879
9.12461263248747
9.115996929467485
9.117394086073517
9.127250991088431
9.125188478405335
9.091264582498539
9.02722493447392
8.95416541956665
8.892556873722427
8.839729558640727
8.773138474716944
8.671201544600265
8.53920762293744
8.404661299957894
8.294652549665486
8.219244354886982
8.1749501478495
8.157586090442848
8.15818411186359
8.164112001420719
8.16360785896454
8.158424539817858
8.16027579751561
8.179138491935802
8.198871668504253
8.184811448116804
8.105385984574411
7.972798075011497
7.829119726205974
7.7125607603259
7.6085022506872235
7.467648392921717
7.246305022300945
6.9708546205040705
6.7119228085506535
6.533437069891065
6.420078097388583
6.308410967868227
6.141344358172262
5.933287756387173
5.74039237060633
5.613719783401052
5.549979774342873
5.515378865217414
5.477646553233427
5.421659628079439
5.34154427678628
5.232925485169602
5.103790520386127
4.968534463215576
4.839862063004006
4.715893327954177
4.5874854273347125
4.4479047383925945
4.310040994250059
4.196169832370813
4.123699634627428
4.072595278996033
4.005623988114891
3.8923214253861573
3.7519770900629794
3.625818657497774
3.5474709362439967
3.4972419602423344
3.432876216426763
3.320256663874005
3.179630681256228
3.053321319715991
2.9751360396239477
2.9246663864742857
2.860385245485489
2.749303899918843
2.6102935850892806
2.481598510966535
2.3942407458840194
2.337344688460206
2.285028783464611
2.217141718948298
2.145281693835585
2.0919464238650534
2.0741803474424927
2.0801704686916054
2.0886105414926277
2.083580863581062
2.07641251728883
2.0870251230840466
2.130477895126134
2.1983104355437604
2.2749623667098007
2.3470350337739063
2.4111411054623346
2.466787387807173
2.516189389427552
2.5735597560870502
2.6564318605562107
2.775368698748096
2.911378478747835
3.0376377206987684
3.1324063246474623
3.1945762199821957
3.228273008404358
3.2386852446141745
3.2351312536574426
3.227932133352894
3.2250962629735938
3.22603038899058
3.2281419434290513
3.229331877671285
3.2292584629783505
3.2279710053499997
3.225975683131935
3.225336403972136
3.2284481465864445
3.2352667601281553
3.23778356603259
3.2263711726536997
3.201060557530056
3.1920924235408563
3.235584851667909
3.348916004198685
3.4933039754503312
3.61951002137765
3.6969264583088233
3.748453819615605
3.806515712509565
3.8869264615486543
3.9597739266965277
3.987377630955649
3.949365812554447
3.8710575693590243
3.7851984391773357
3.7142240853315656
3.6544677331373094
3.5981991309087107
3.5392444618238272
3.4752103074267495
3.404283804622281
3.3292586417854437
3.263665344923325
3.2225208551305258
3.2122008188157025
3.2197484578491355
3.2296155544440097
3.23209037217417
3.2299976772643078
3.227772549256727
3.2278463446702546
3.228517201284106
3.227588571292941
3.2249162219431327
3.2244224516903586
3.230452051338105
3.2410183928217577
3.242081425695318
3.2183491513182503
3.1643285190563972
3.0924537182976337
3.0170195665423876
2.9477323788902936
2.886229461198539
2.8332449483529842
2.78308179955755
2.7191701971492392
2.6241234961849784
2.4964949045139235
2.360750504726184
2.243547042475157
2.160142440976429
2.107972995179992
2.0828811076577836
2.0783402962203894
2.084261563009889
2.0903639567043797
2.0914879546457996
2.0898836060110426
2.088347562338953
2.0881809990671343
2.0886033419357233
2.088697961058358
2.088298556586693
2.0882439083347037
2.0894037489073014
2.0911435728443877
2.0908897308792973
2.0860932594947172
2.0795747703784855
2.080817093978098
2.099664794720809
2.144232576624887
2.220569241408157
2.3340154045706214
2.4723120975573067
2.60296787184042
2.693624673189092
2.746687447365659
2.8030322010801854
2.903822443077246
3.0461054495207094
3.1799280816527045
3.254818218139164
3.2628161829794067
3.2395652452741217
3.221614135500488
3.2212761191768493
3.226933971363607
3.2265501762845616
3.2206345404763965
3.22162438028127
3.242198691837075
3.2904867690390773
3.370454276027516
3.4850339161144603
3.6208896812158855
3.7503531757321866
3.8467937368571796
3.910151681527921
3.9629008458525306
4.026784183792657
4.099896498103504
4.161028539080121
4.189890520962891
4.189094394261389
4.1792456780026015
4.1799128125827
4.188500560368482
4.185654607074824
4.153003430943016
4.0914046379144935
4.015707937338334
3.940511496890551
3.8730206236611764
3.8152645445470483
3.7680292559361988
3.718079257161321
3.642734265300831
3.5225469332278863
3.377936305031483
3.2551530545869696
3.1965871540231205
3.1969599108207944
3.2212857064605487
3.236629655362279
3.236407914313517
3.229828355066303
3.225620096673964
3.2255763998127804
3.227494208099216
3.2292380552697466
3.2297741016611496
3.228678660261153
3.225824912059565
3.2237185268843547
3.2262664581290323
3.236026761860927
3.243799262347551
3.2343697887382916
3.1946997686299596
3.1300492147647674
3.0546690096910964
2.981799375609114
2.9162631109843176
2.8589108803683416
2.809018384612898
2.754250446943516
2.677010945440827
2.5636261427665232
2.4286235050490887
2.298796715282961
2.198089519912841
2.130666887093483
2.0924376978593813
2.0786662535670786
2.0805973013799814
2.087865795372892
2.091468994873722
2.0909108077131293
2.0889629190675123
2.0880185601245245
2.0881788908308465
2.088700748933036
2.088948147365869
2.088902344752782
2.088762576236263
2.0886977925836305
2.0887108155266247
2.0887482382727
2.088765195143239
2.0887615078325723
2.0887514906782627
2.0887470533545525
2.088748093029352
2.088750774830146
2.088751939015978
2.0887516487278077
2.0887509260961963
2.088750607504437
2.0887506814426473
2.088750894807262
2.0887510315883873
2.088751037783311
2.088750903585634
2.0887506673797276
2.0887505689187407
2.0887509005454774
2.088751712618034
2.0887520875547523
2.0887508657918517
2.088747846011117
2.088746496061731
2.0887511617823122
2.0887624526349953
2.0887672819112453
2.088749426551445
2.088707206469266
2.088689981375836
2.088758292415079
2.0889161226072304
2.088977379749821
2.08871615444248
2.0881263214454435
2.087909185827712
2.0889076660983505
2.0911112813042223
2.0918781340340047
2.0880633832609448
2.0798331804701036
2.077136114068125
2.091715339910664
2.132365779486136
2.1995338176568424
2.2921958714185138
2.4077367314565805
2.539220419807066
2.6789829846476607
2.818494144994574
2.946968399607343
3.0532720504637325
3.1315724974897705
3.1892736556867334
3.2358174010348932
3.2824551080743873
3.3447730948010985
3.438939347946757
3.5679558016132944
3.7045543781175354
3.8173075420911147
3.890663445881529
3.9441077992012197
4.0017274851719975
4.073909044877453
4.142006366737135
4.183766723497385
4.190541126097003
4.181367468611839
4.178530375260507
4.189626129084502
4.1935331779867795
4.165974852390406
4.101096386495172
4.027650896344852
3.9780228100445214
3.9670394257739616
3.9778287590442147
3.9902961717179153
3.9931156536866723
3.990179697594357
3.9868677758161084
3.986144076089488
3.9869424912817237
3.987824451732564
3.9880136804485318
3.987796636009037
3.987552661438002
3.9874892685970735
3.9875487794086553
3.9876509765107215
3.9877230910001913
3.9877034117777157
3.987534216251703
3.9873080369637535
3.987332011950542
3.9879156668498013
3.988744799580246
3.988648028863551
3.9864509278041425
3.9833763936716764
3.983817756214819
3.992139399110002
4.003545463196986
4.001581175442141
3.9695212078441813
3.907222819519717
3.834857528904138
3.7731840186505536
3.7223197585706345
3.65804260049822
3.555710312195032
3.4193174394222154
3.2853641712684833
3.1907580384409044
3.1357798383052966
3.0806874217521596
2.9852796997641633
2.8490326734850413
2.713161252416242
2.619072583772649
2.565993935137442
2.510435146440841
2.4091716386234054
2.2665856142891414
2.1334754228954296
2.0604103361979043
2.0535891687244714
2.0775630726550816
2.0964959811501274
2.0981637675984786
2.0916783917311506
2.086570640678204
2.086058225573268
2.087867315642967
2.089614393376607
2.0901676665475577
2.0894434612315393
2.087479838978254
2.0857497483638525
2.086882619622827
2.0930703366793892
2.0993835482454983
2.095368798508744
2.0707145000935867
2.019203144534387
1.937673608344923
1.8241037137725442
1.6908714104584277
1.5606993337655837
1.4553956193432782
1.3821743811611213
1.338162478133043
1.3199302336404486
1.3197408655415899
1.3269935940062112
1.3317133080872026
1.3317076841857869
1.3297623170920616
1.3285471319286586
1.3285868937616385
1.3290868098752497
1.3293013405451006
1.3291947753086077
1.3291512630217426
1.3294917431275621
1.329860839534632
1.329518584269067
1.3279349967214529
1.3265889205408712
1.3280572135959545
1.3340951176546412
1.3390308573047776
1.333291395299895
1.3105587848256732
1.292462619377531
1.3147371813592201
1.4067898383372892
1.545920182188354
1.6841667294772833
1.7795899666471655
1.8380349803802005
1.8875934070065625
1.9521872684059929
2.0241049233221418
2.0814949724652507
2.1059254053086818
2.1034754828754245
2.0907408247167467
2.082599001055044
2.0821181567953033
2.0875043563128344
2.0961861786618385
2.1007005563362924
2.0916523317297475
2.0602749866632024
2.001685624043617
1.9124725489386805
1.792167202463844
1.6575359838818429
1.5316055685109404
1.4343579660567087
1.3686602912853658
1.3314204127287894
1.318614543160166
1.3212568458092306
1.3287057094671582
1.3320553277318936
1.331308106294344
1.3293145006111473
1.3284382980075122
1.3286488619173156
1.3291822655775292
1.3294113588251832
1.3293522094747345
1.3292095371853065
1.3291496663037776
1.3291662349006401
1.3292043844573982
1.3292200235614473
1.3292153943299354
1.3292051965628104
1.3292011133670485
1.329202403747317
1.3292051288963194
1.329206194531622
1.3292058356436627
1.3292051075060414
1.3292048292313439
1.3292049287210688
1.3292051236869327
1.3292051974537742
1.3292051703942036
1.3292051163937941
1.329205092601029
1.329205098267522
1.3292051201344748
1.329205143423465
1.3292051483221172
1.3292051139862622
1.329205044050326
1.329205019817394
1.3292051378988532
1.329205394706804
1.3292054820690566
1.3292050345032038
1.3292040766134363
1.329203769298502
1.3292054772964548
1.329209053138868
1.32921012717145
1.3292036086717047
1.3291902628986065
1.3291865311197313
1.3292113988038494
1.329261193153556
1.329274072973945
1.329179244479846
1.3289935131963233
1.3289494101560138
1.3293108698876495
1.3300034313910771
1.3301530183335473
1.3287758051942262
1.326194142044855
1.3256926692464788
1.3309379070295648
1.3405586426950578
1.3422152862340937
1.3221669083165182
1.273341234933298
1.2026083243030001
1.1186179386931059
1.0341673035319445
0.9703822988074933
0.9491802033916628
0.9682786099618568
0.9787078405109071
0.9265608779078462
0.7973715514330451
0.6497923708688518
0.5500109940053051
0.528145728397007
0.5500452146600026
0.5751454617931984
0.580755043186258
0.5747970553681228
0.5681312964718757
0.5666943641162874
0.5683143067148819
0.5700839857478428
0.5704514562073939
0.5700112621907891
0.5695415616023638
0.5694477419097268
0.569567290668715
0.5696919585266045
0.5697159222241481
0.5696834684570291
0.5696502419869347
0.5696439205268433
0.5696527475098634
0.5696621573793692
0.569664612713737
0.5696621117302527
0.5696573465322246
0.5696535627653958
0.5696547288306846
0.5696645952772741
0.5696772841919397
0.5696748180908884
0.5696396162654196
0.5695929017592078
0.5696028325009337
0.5697355480083957
0.5699086306842531
0.5698666993209542
0.5693644954435939
0.5687231482122854
0.5688985891255101
0.5707988775351964
0.5731745196048621
0.5724481022559331
0.5652597785467606
0.5564634636358647
0.5594449045383811
0.587519956557216
0.6432700393722968
0.7185421370400604
0.8044099383689485
0.8853555399595763
0.9395151831295294
0.9466542369550695
0.9245240390179816
0.9260819366201787
1.002377492439237
1.1433103613201325
1.2842206138119963
1.3616460753682276
1.367350301204823
1.340529801230332
1.3203101582449932
1.318883458020622
1.3261743246579556
1.3318770020798496
1.3325866934531518
1.3303901709183776
1.3275098741931401
1.3259255384103739
1.3274310165342484
1.333378645820062
1.338993961049482
1.3349868062885832
1.3138546441155086
1.2932038889496056
1.3084483877903352
1.3916155770941145
1.5274518912487451
1.6684420246151035
1.7701143247694802
1.831632890791255
1.8808044008568743
1.9433457360929367
2.015735558630041
2.0759928772981198
2.104042882818092
2.1033514489789695
2.091677450704978
2.0855445342738506
2.0868482066020704
2.088944159646985
2.0860574564671595
2.081868089238057
2.0853623348265558
2.1030597467244405
2.1182070337071366
2.1014973315397327
2.027154943137063
1.9014593902340238
1.7473055637021844
1.5877206077371113
1.4456615173367169
1.3440503549405065
1.3017473952437655
1.3052437114265132
1.3255480997850668
1.3366180791114317
1.3355597298480006
1.3301111765415214
1.3272045931864085
1.3275202937407329
1.328981932216962
1.3297447863208163
1.3296517075732481
1.3292597251885923
1.3290595917926282
1.3290867747115982
1.329191864302075
1.329244345510162
1.3292364685958944
1.3292083044447622
1.32919455323254
1.3291968238295624
1.3292043634090192
1.3292079457308432
1.3292072830627717
1.3292052890639212
1.3292044284260527
1.3292046639990218
1.3292050997575586
1.3292050341721904
1.3292047971773968
1.3292050580292027
1.3292061657361245
1.3292068498459741
1.3292053295065216
1.3292009524886481
1.3291985253040792
1.3292045023213035
1.3292209609299732
1.3292297202819299
1.329206743148319
1.3291450799819842
1.32911347503196
1.329201624081776
1.3294325241798504
1.3295463676351886
1.3292084066666803
1.3283440743342254
1.3279347964393367
1.3292298687191817
1.332464324110063
1.3339325933835227
1.3289722907423425
1.3168722743082384
1.3116171590068717
1.3306070158800622
1.3838587927575077
1.455099669899667
1.5222090590242914
1.5728783370729076
1.6282532712015865
1.7165993533529473
1.8506865472274399
1.9926870270124937
2.0944700900079596
2.125627313365939
2.1111825316445447
2.086961039514094
2.078827134821438
2.082793851499119
2.089308702923603
2.09154279560461
2.090489367997151
2.0885364314212183
2.087506488731705
2.0876651602051055
2.0890113451563934
2.0909573121449654
2.0913667651391705
2.087858313934632
2.081090709707496
2.0794197034403226
2.0923635922091535
2.117476389416808
2.1232522618282985
2.073946316050609
1.9567194723580172
1.812120961951166
1.6881909003031126
1.6114162378856491
1.5600648849559917
1.5059419311632496
1.4355466662725007
1.3669408690441713
1.3221952243344788
1.3114519084045213
1.320247333802314
1.3311328677851009
1.3336563587435109
1.3312287356220622
1.3288708633365474
1.329136812798211
1.3298845021779755
1.328473072957891
1.3249966322948126
1.324552925090984
1.3326739871991293
1.3462470187176336
1.346957035347586
1.3151763237558782
1.2490123030452338
1.1765560449534291
1.1285343152175074
1.1179513774539345
1.1290006283561098
1.143344013417547
1.1494332761032382
1.1463357525071842
1.1341689015077492
1.1200387833012257
1.1215614677323202
1.1568373300301715
1.2247440892824812
1.2963485428793433
1.3409904769978453
1.3484392841952229
1.3369030106929358
1.3264244296558871
1.325798837169259
1.3287553452432803
1.3281468497062718
1.3236216674860088
1.3235882307116071
1.3370968357142488
1.375416690751564
1.4525700853022414
1.5822516776646012
1.7619750238377634
1.9699292439914444
2.183390552150186
2.38626611018978
2.5700860169363864
2.7271341465084618
2.8589549330050517
2.977341165601217
3.094423892243583
3.217346137293106
3.347936800026531
3.4873701725921933
3.6272752119013916
3.7494906893074926
3.836453286743705
3.8940558558737024
3.9513522500952973
4.037307343572635
4.158315814875351
4.299317069283049
4.4445704548400045
4.581684696742627
4.701333680417207
4.7948313120173225
4.863240646565828
4.91621353116291
4.963764138461215
5.017098096758389
5.088431448303012
5.189100808360493
5.315521952152864
5.4519307311335865
5.58309089560241
5.7074098830853615
5.834014782145388
5.971168454547154
6.110340506730836
6.230302316401364
6.311729787302639
6.365836322046164
6.426055979772983
6.523645843334904
6.65497126507276
6.791968299207596
6.907137398408693
6.986142097572198
7.023512491630257
7.016644872545115
6.994515773217685
7.006564303362325
7.096549740531174
7.241383211240546
7.376316334847516
7.441870426959753
7.440743663839527
7.412895717791173
7.39574660493102
7.3962305903319105
7.403716596702921
7.408229284303076
7.408051431584553
7.406039701386234
7.404852660580303
7.40491305723252
7.405453504770932
7.405765633963526
7.405746083358892
7.4056009354682
7.405518882494363
7.405525002788579
7.405563984287795
7.4055855881526185
7.405583747017701
7.405573237782448
7.40556739361007
7.405567823389617
7.405570823684371
7.405572997633328
7.405573325996869
7.40557182369065
7.405568850259215
7.4055670866121375
7.405570182646599
7.405579986498509
7.4055865880786484
7.405575368240818
7.405538919725245
7.4055148053409425
7.405557862875611
7.40569456457132
7.405782394778797
7.4056165883751675
7.405103707581574
7.404784215499035
7.405422433425997
7.407346187669376
7.40850697271209
7.40605198274487
7.39883833793283
7.39462633365585
7.404063670257145
7.436793238412193
7.497446602235598
7.589098408943215
7.711200725456536
7.845944674739712
7.970385273153781
8.06536941980957
8.129042099991665
8.164477111821867
8.175903987823276
8.172595955946747
8.165202186802262
8.162218336403114
8.163141139053153
8.165117156677738
8.165895948138385
8.165639087844568
8.165111153593728
8.164907988392727
8.164979341717427
8.16512034647694
8.165173319254379
8.165153534480439
8.165115885533552
8.165102081205134
8.165107557861575
8.165117606894526
8.165121201381538
8.165119687464028
8.165117007365524
8.165116074927013
8.165116493882934
8.165117203425595
8.16511743405077
8.165117314474813
8.165117145910244
8.165117130533943
8.16511717791856
8.16511714396907
8.165116981514103
8.165116917841488
8.165117228019653
8.165117891502916
8.165118085245666
8.165116853652052
8.165114363061775
8.165113700427142
8.165118410368876
8.165127704970374
8.165129978236152
8.16511201933939
8.165077356791713
8.165069620869772
8.165138057135508
8.165267282165075
8.165293324326953
8.16503264324622
8.16455102865082
8.16446454046391
8.165457100652716
8.167251502408632
8.167533792844807
8.163756060419118
8.157072526416172
8.156172143933944
8.170544733522036
8.195430915864733
8.198212061396617
8.143294834354052
8.022221098126622
7.877509628019894
7.757032724328084
7.683239887168483
7.632679918053071
7.577289995463033
7.5062595432101205
7.438720336656814
7.396605723436977
7.38793603072304
7.397515450359435
7.4080657282081575
7.410287353207664
7.407683755538514
7.404875388918597
7.404295804335987
7.405003468801809
7.405778848820972
7.40597165876693
7.4057767047369225
7.405456608717145
7.405240213582658
7.405308116383239
7.40582682534253
7.406503129196764
7.40641203141935
7.40463003726417
7.402152274059887
7.402511223836569
7.409215089235204
7.4183996057035415
7.416817028188433
7.390897277575718
7.336839938883827
7.26281278335226
7.177883922647382
7.096466321244861
7.039275464529979
7.026293240051288
7.045461474253202
7.048353279246811
6.986303494063549
6.857527147366909
6.71146642212328
6.598657756965338
6.531646269785668
6.483011540470272
6.424479767123103
6.352414089532715
6.288128566817917
6.253164574342719
6.249664462719437
6.260856723016275
6.269725914869582
6.270396934632927
6.267451388170031
6.2656831310760595
6.266176780874858
6.266665234605114
6.264957226022943
6.262419215068391
6.263512413343776
6.272177266600593
6.281721534819994
6.276549816322714
6.241845258216429
6.179694599637273
6.105808435664258
6.035511472047077
5.97241909764459
5.911063517220285
5.846213269025029
5.7794124751497975
5.717263487664297
5.665347577759107
5.613808434557171
5.5416997803755095
5.430305736665844
5.29254247316986
5.163189943721733
5.074215280053991
5.018225094007889
4.961653330564076
4.8729336795808535
4.748905590147146
4.604577008690569
4.455269712686771
4.316502139731327
4.203913699461495
4.130259710796736
4.078401614465321
4.013518819747645
3.9050406688350705
3.766516060854755
3.6365828106683864
3.5494099325645436
3.494587627113276
3.4373395176916404
3.3460939023900806
3.220067916824064
3.074651449930471
2.9253905267638203
2.7879385014305313
2.6780028953402137
2.6073635741186507
2.555993762564327
2.488447298661569
2.3753689450874163
2.2352204828979723
2.1087253353542508
2.029617818367427
1.979224986961384
1.9154486613087869
1.8037253259637538
1.6632490128169906
1.536277985260682
1.4571615041627126
1.4065372973429646
1.3429294171429973
1.2328022927006828
1.094006188289498
0.9646876144764605
0.8762975927376857
0.8189278635019406
0.7670023504103227
0.7001428795645381
0.6286128448700907
0.573805616388924
0.5526175908808568
0.5566515093175752
0.568703098456055
0.5742384726283234
0.5730875581014345
0.5698733071761524
0.5684602382486901
0.568806054840806
0.5696194103760774
0.5698557845449557
0.5696846251391463
0.5696471566066919
0.570084705960582
0.5703993924282713
0.5697178714170263
0.5677329237436055
0.5666820607620764
0.5695174467442001
0.5770411602180587
0.5808049435452745
0.5698734038538333
0.5416832745570872
0.5281497226510083
0.5700622404587392
0.6900522717167945
0.8391690900779452
0.9508253038893173
0.9797757916346654
0.9613157023507313
0.9497351028236096
0.9852477137499562
1.0572121707249238
1.1435065702817724
1.2246023346580301
1.289941650095983
1.330906010102069
1.3433591992614424
1.3380131779029512
1.3286489996419846
1.3254079353746846
1.3268824995857074
1.3293805980837732
1.3302242733375067
1.3298183246443784
1.3291509054555064
1.3289288722900068
1.3290396838759904
1.329222512445483
1.3292904636860214
1.3292630706495743
1.32919560763672
1.3291395928800398
1.329136489909132
1.3292259531445865
1.3293836796283784
1.3294211747469973
1.3291247361104297
1.328549714389922
1.3284140409112268
1.3295320782552977
1.3316727962803725
1.332134942934701
1.3278782294067213
1.319899161148271
1.3183493346385404
1.3345605607859454
1.364294847180247
1.3694149296887304
1.3075391746742753
1.1707977121190538
1.0234753195286999
0.9385676030876766
0.9421285165349786
0.9659469671149026
0.9309459194529239
0.8064477091836721
0.6551492106534909
0.5500210785157833
0.5262057390430925
0.5487165417582816
0.5751575992005371
0.5812762418151607
0.575148038966546
0.5681241214707171
0.5665543184961308
0.5682215595947469
0.5700869917204727
0.5704893004843825
0.5700359882871311
0.5695402745134572
0.5694366732732448
0.5695598679222229
0.5696931989644867
0.5697223171108448
0.569688738322327
0.5696466688424238
0.569629322913471
0.5696391500747353
0.5696756932693603
0.5697169742102517
0.5697106691053051
0.5696047334039918
0.5694573686672868
0.5694763562635643
0.5698692338429652
0.5704146050997423
0.5703310187309398
0.5688447043028049
0.566821953856163
0.5671900376968466
0.572819159356186
0.5803200324667444
0.57873223592172
0.557417990356214
0.529612691421093
0.5363470412310392
0.6183819540210322
0.7641422538622038
0.9033949298810029
0.9654608158527367
0.9500769178455215
0.9329566597214409
0.9906730854165176
1.127969403710111
1.2749774493960757
1.360774134636813
1.3699886606483034
1.3428025177050813
1.3205860806865246
1.318340997288601
1.325683223642713
1.3315563001629869
1.3320985121471978
1.3301163507668576
1.3285642604155186
1.3284347058275898
1.3289696209779436
1.3293796617814024
1.3294102073756306
1.329265906563478
1.3291576150384543
1.3291505348266242
1.3291894477408874
1.3292180379739733
1.3292196425166622
1.3292091528243617
1.3292016071992379
1.3292012547674261
1.3292040814594515
1.3292060722508978
1.3292061461592652
1.3292053847045224
1.329204859640285
1.3292048452659628
1.3292050503211783
1.3292051887804632
1.3292051912169
1.3292051359975972
1.3292050994101743
1.3292050990493607
1.3292051139839032
1.3292051239823763
1.3292051243057301
1.3292051199962458
1.3292051160109395
1.3292051147463582
1.329205117044367
1.32920512318465
1.3292051279440642
1.3292051228868473
1.3292051021056608
1.329205084569054
1.3292051032062204
1.3292051807990077
1.329205245194558
1.3292051730312409
1.3292048812688932
1.329204645037393
1.3292049251190576
1.3292060224409425
1.329206888391539
1.3292058023227469
1.3292016763339518
1.3291985044448182
1.329202711371309
1.3292182208334253
1.329229829900271
1.329213550844841
1.3291552682324834
1.3291128147183429
1.3291757473428447
1.3293947022303882
1.3295498151363603
1.3293067466283048
1.3284844217834433
1.327918209421469
1.3288562240385318
1.3319437101727232
1.334008543867256
1.3303916261953077
1.3188028097365248
1.311280692445692
1.3252165656376036
1.3735427932439848
1.443390078410701
1.5126480726059555
1.5651796929905402
1.617898841935002
1.6990657310645787
1.8274242294849898
1.9713965553441142
2.0828505782437787
2.1246272287666557
2.115072186781333
2.090024377326415
2.079099753753212
2.081789394116214
2.0884904337426633
2.091346356271359
2.09059154931154
2.088799370623846
2.0880531263808138
2.088264372470391
2.088743538883989
2.088938436842497
2.0888794622934483
2.0887513896155525
2.0887005125067617
2.088716939586007
2.0887511604329774
2.0887644350818846
2.0887598688291575
2.088750727926538
2.0887472661483883
2.0887485330420645
2.088750973918664
2.0887518761068407
2.088751525184321
2.0887508737601337
2.0887506391366486
2.088750736326304
2.0887509095205132
2.088750969122401
2.088750941737942
2.0887508980213028
2.0887508880509245
2.0887508975478823
2.0887508996941193
2.0887508816022944
2.088750872132323
2.088750907895161
2.0887509898361287
2.0887510164689758
2.0887508682207425
2.088750558600239
2.088750467499267
2.0887510363431545
2.0887521927703148
2.088752508144836
2.088750337512522
2.088746022954595
2.088744937309002
2.0887532136872977
2.0887693052860357
2.0887730116855607
2.0887414687595083
2.0886814718847404
2.088668946083658
2.0887891127216562
2.089012740499882
2.0890545430285243
2.088596939419972
2.087763660954323
2.0876263578405627
2.0893682495864283
2.092472246197133
2.0929139110951525
2.0862859254568207
2.074726979379065
2.07334626159151
2.0986778070808754
2.1557701521893335
2.2278063447619445
2.2956412223432068
2.352284634805656
2.4129841072645917
2.495258994638945
2.607804272425838
2.7437969991865714
2.8947546034820704
3.045760684626458
3.1710215788546634
3.24399191773081
3.2585548883320286
3.2418036833151262
3.2236478103789494
3.219925814132935
3.224476819957559
3.2292950873905397
3.230244583839408
3.2290088484966475
3.227730538155754
3.2274888088826543
3.227824166972823
3.2281632084244904
3.2282246129229577
3.228133649818787
3.2280437539374276
3.2280281939164865
3.228052854441131
3.228076682940994
3.2280806152584773
3.2280739329447528
3.228067618663559
3.228066627842722
3.228068437708629
3.2280701104805303
3.2280703593896476
3.228069869403953
3.228069426138333
3.2280693635156297
3.2280694961937257
3.2280696145722203
3.228069631476785
3.228069595218315
3.228069560005949
3.2280695509812602
3.228069562317728
3.2280695863170337
3.228069606445544
3.228069597107833
3.228069535242227
3.2280694640261487
3.228069492042394
3.228069718255739
3.2280699808979136
3.2280698703472837
3.2280690175558817
3.2280680465881915
3.228068490349145
3.228071711324631
3.228075300040018
3.228073524003676
3.2280613603201544
3.228048102080848
3.228055183049662
3.2281011043976093
3.228150063656443
3.228121930144212
3.2279486166029585
3.227767907612673
3.2278793383290036
3.2285332502093382
3.2291999254396586
3.228759803982655
3.226293335604126
3.2238350531562077
3.2255690324482487
3.234869443734908
3.243929375464333
3.2371135287636434
3.200090330084592
3.136596981703434
3.062541686795157
2.992978250890417
2.9303124167869044
2.86875455107527
2.8030832865526065
2.735915614692942
2.674753361544404
2.6253910373441727
2.5748536451620367
2.498917953441122
2.377449885005362
2.2327904933407723
2.1117542395569444
2.056233266333777
2.058432429613859
2.0830365257207006
2.0974708142766616
2.0966511274930326
2.090126631262237
2.0866723894705217
2.0872062559507185
2.088627349090814
2.0882521676868464
2.0870978704087833
2.087999906841219
2.0929226038706332
2.096897742164032
2.091685673645472
2.0722606886387496
2.0577929365805403
2.0784158283960465
2.15925171331763
2.289244269333949
2.441601128703894
2.5911946855076025
2.7246905444792446
2.8336770499257398
2.912327104320866
2.9715431549104494
3.0289276719422276
3.0982667158857424
3.1694792516306336
3.223315844288763
3.2444340914513248
3.2408514204534953
3.229190236735718
3.22366199378979
3.224685476688464
3.227808674474929
3.2292562963010027
3.2289652909889526
3.2281290629712913
3.2277501596139047
3.22783255824244
3.22805638811478
3.2281555179532972
3.228132272115147
3.2280723786449528
3.228046455798662
3.2280529922856402
3.2280690141975157
3.2280757905854927
3.228073958305245
3.2280696727582523
3.2280678998317285
3.228068410906914
3.2280695602807015
3.2280700328211793
3.2280698948732294
3.2280695735702807
3.2280694143906885
3.228069436187724
3.2280695761583473
3.2280697518107644
3.228069805263786
3.2280695605986693
3.2280690130785956
3.228068785456472
3.228069644175207
3.228071663040083
3.2280724849862565
3.2280692204124932
3.2280616807661175
3.228058754924035
3.228071233313983
3.2280994080704914
3.228109779944731
3.2280620853270534
3.2279568249811916
3.2279201946678455
3.2281024142795616
3.228495547210258
3.2286243782462662
3.2279285099502317
3.22646065695497
3.2260096877859894
3.2286659272995166
3.234144838521914
3.2357148758606655
3.225579999704337
3.205135590099289
3.19970404781553
3.2384157457709932
3.3369108377993513
3.4771452315625027
3.635905131393045
3.790316272477668
3.918317790514962
3.9980215725960733
4.020584101610467
4.007152631381729
3.9830463611481264
3.968122446714517
3.970183343419208
3.9953972345255835
4.045959934488209
4.115649336256709
4.19714382249829
4.279311779123603
4.343267331158913
4.369343004432068
4.357816813888519
4.34796309552101
4.3833608290029815
4.484754953015084
4.6299937652487415
4.792211212547997
4.9462021715218185
5.069760316551296
5.141202982195509
5.1562072281434155
5.140579003550371
5.122958638059487
5.119120643931652
5.123370826597011
5.128031446437362
5.128985720671167
5.127830889478062
5.126661462613612
5.126520949722703
5.126830834200746
5.126884376566778
5.126536626206985
5.1264766507762545
5.1274364692448415
5.128949679065045
5.128838203434441
5.124890176812727
5.119215759380751
5.1198648033079195
5.134912341376847
5.15598654215087
5.1529647933650295
5.094954165699249
4.977912213535873
4.8319710740168205
4.688918800436625
4.561445235367273
4.438844233628629
4.309374273808331
4.173726526328807
4.04725249053763
3.9457477098969775
3.8733430621568488
3.8209288481016728
3.7785128374107018
3.731579013917383
3.6606681076556242
3.5472827946329915
3.4035376417707397
3.273749852428878
3.2021273849669
3.194274181219825
3.2166981899268023
3.235154447683371
3.237072820003462
3.2310159187632763
3.2261363616207177
3.225671617225686
3.2273069885757337
3.2285966229198095
3.228708052415925
3.2282666868629377
3.2279260801852416
3.2278998309588047
3.228018834742258
3.22810829286864
3.2281138636924425
3.228082068920841
3.2280603575537867
3.2280611226103986
3.2280685029001006
3.2280670286090043
3.228059323960082
3.228062049133399
3.228089620207257
3.228119126602749
3.228099791977627
3.2279900022498964
3.227880986824971
3.2279594064949606
3.228374884879642
3.2287766343677617
3.2284679876563587
3.226901543434181
3.225421959037206
3.2266320108705457
3.2325346875169743
3.237980698341133
3.2332461111757738
3.2110105608989414
3.1909766948742515
3.209469895121643
3.298082290418236
3.4368606422584094
3.575362967941757
3.6681507243026488
3.722967938321034
3.7778013028922004
3.8674344627721524
3.993372743026228
4.138931690261359
4.287460049636408
4.424251104068091
4.535619562808094
4.61096050842616
4.665761186273741
4.728677150428652
4.825056870269208
4.9526516330376325
5.095834022183311
5.239456238230616
5.372753798415189
5.487002912420422
5.574900870750767
5.63953116522508
5.688619758969466
5.731070656047308
5.783920712821512
5.86769611873396
5.9964893886862
6.1410941232888945
6.2544772463720335
6.298233165997431
6.289665344964575
6.2680810666310265
6.2660666100159546
6.274666825893618
6.269189746838279
6.229520198768029
6.162544690126765
6.084957585293495
6.011597425903474
5.946823128956325
5.891344704235905
5.843385369207354
5.787856701514428
5.705228349563143
5.582935992623135
5.444157376606952
5.323497364726023
5.246405791419548
5.193381234161734
5.131155987778627
5.03297745572398
4.902705941195791
4.753180321078389
4.59900006959252
4.462672774914836
4.368926911334938
4.334618640234908
4.342735078604207
4.367156983176045
4.3850399186401745
4.387026343752808
4.3672300791947265
4.32191812351023
4.255845659169836
4.175859252219993
4.091360464593535
4.021392759417168
3.9872731797782137
3.9973101634787156
4.012814601904466
3.984489293213528
3.881614027028533
3.737729632776393
3.6002597363013535
3.5047470876687754
3.4473774812218636
3.416199040148939
3.4018297097417047
3.403041287259967
3.420220332118163
3.4559256095402304
3.5193189221488836
3.620801470617394
3.7589661390868656
3.898009032420191
3.9959187526327042
4.027354740109928
4.013522578646729
3.983680594953043
3.962559289367533
3.962768521868199
3.994889008667016
4.05957508172304
4.131998016939377
4.183332693629808
4.1972786290572515
4.188379006678588
4.175816693053349
4.172206345754503
4.17464220271512
4.177985351114657
4.178917835372559
4.1782514692743575
4.177364714660058
4.177129028603034
4.177311994736783
4.177536920881394
4.177578050641131
4.177525193015171
4.177507148389267
4.17756997149381
4.177593552839113
4.177439436429324
4.177149849452022
4.1771156023210665
4.17776084779473
4.178853019446777
4.17894207088851
4.176473665131738
4.172406238631908
4.172175578039003
4.181559024211651
4.19668919256867
4.197177920444162
4.161321463229044
4.089207086078218
4.016812015233285
3.9829515516170773
3.9939644866531268
4.004750113880377
3.9661780687676895
3.8592824111355952
3.7110514188482995
3.5521937238402757
3.4061321706990526
3.285611961506973
3.2024888796932345
3.1667707420639175
3.185859683514906
3.2665109361677764
3.3961306511080096
3.5358725177230497
3.64573274612124
3.7137892504089507
3.76478595921445
3.8253210804809044
3.899773293648579
3.9645991922590156
3.9952159334431485
3.9915032043219725
3.9829292229625963
4.000083813647109
4.053557314058324
4.130654853327485
4.217305869954814
4.297623651233778
4.353685957972019
4.36853012514068
4.353456388874534
4.350259599208911
4.400913289551738
4.514459928741985
4.665735698378654
4.828086431273803
4.977172110346672
5.090966868623468
5.148697756777764
5.154366733971088
5.135827050362309
5.120997182703874
5.119628182721712
5.124633238922058
5.128551967837723
5.1288786308136025
5.12752815589397
5.126494360809559
5.126418976757776
5.126782438208338
5.127049879031404
5.12706130871166
5.126966667834367
5.126917136626972
5.1269368899264975
5.126949035625913
5.12688257897787
5.126795633069676
5.126845191874594
5.127162729295648
5.127486480968656
5.127264850696179
5.126049749373152
5.12485571221076
5.125734577134338
5.130320148599239
5.134719308760211
5.131267697146669
5.113984025396931
5.097785623568441
5.111307709238673
5.180813539038752
5.30308337333922
5.456283278219175
5.618075183780817
5.763851989305252
5.867628925464629
5.90726775177653
5.900003001246546
5.8860547822601745
5.900312816875456
5.923257964079411
5.90483580188922
5.802912759299659
5.651463541354758
5.525516313108582
5.489672388684838
5.513540300347685
5.517490415915759
5.432804302351514
5.285466278506959
5.148620282094356
5.086686182660344
5.09181100210651
5.121573463278736
5.137800439137834
5.136249492009782
5.128262417538892
5.12399997392437
5.124461307821051
5.126605896500507
5.1277314290048395
5.1276001900778425
5.127017476186211
5.1266965697446665
5.126717445469367
5.12690291183749
5.1270832758577995
5.127140905692784
5.126978448823621
5.126570044707094
5.126321367666009
5.1267992976102335
5.128261398277786
5.129177463060046
5.127376982451182
5.121910693883862
5.118577891383268
5.125494629265177
5.145989195555103
5.158088709930709
5.13149694910777
5.043465027988432
4.9094112230202285
4.756782826595469
4.610109093257606
4.479786367886263
4.371944625135413
4.290519486157109
4.229295245886178
4.179121589095288
4.130368084253945
4.0712788775527144
3.989509812566695
3.8771252596707484
3.7448817619270045
3.6084890789208686
3.4798156162706846
3.355138816167454
3.2267812065200303
3.0909560562690785
2.9589928979270184
2.8458917832595745
2.7622640645502656
2.7023983203989417
2.656789007645145
2.614008240997407
2.5557830742935863
2.4623193126261924
2.3266091712378056
2.1852407755425247
2.0840812482015565
2.0525489552693017
2.0663518818876554
2.090257176640236
2.0984615736634
2.094655936393437
2.0882801747044795
2.086146832739601
2.087194725816431
2.088894691129454
2.089449036747567
2.089160847695922
2.0887077277769777
2.0885637963111066
2.0886429662471926
2.088763684305107
2.088800978842542
2.088779240179747
2.0887471793660524
2.0887377041449184
2.0887437116064405
2.0887518774833325
2.088753607756445
2.0887517976263723
2.088751042860494
2.0887532958748523
2.0887543480267823
2.0887491419856303
2.0887384919085434
2.088736347726922
2.0887583227776787
2.088798589231729
2.088805264588089
2.0887210435664514
2.0885708989739697
2.0885495243471297
2.088870141622749
2.0894293025714603
2.0894960972529475
2.088276566360136
2.086194948720049
2.085994624723199
2.0906314288630767
2.0983783150494872
2.098940876272721
2.0813178904170115
2.0524964191814377
2.051096422244939
2.1184397783215587
2.256670744146149
2.401698479961482
2.4837674974585155
2.483070387253548
2.4609986273884346
2.4857756789487837
2.587908012127272
2.7389330067121023
2.9053477585134146
3.0587522955732567
3.1784208377408163
3.244635086649467
3.2564461519808816
3.240060315603472
3.2234945075667696
3.220494239837393
3.2249387622279073
3.22933113928039
3.230091412946109
3.2288864820698535
3.227722204768426
3.2275300692841142
3.2278565718578704
3.2281650911631203
3.228213502036752
3.228125070950668
3.2280433418795695
3.2280311849790024
3.228055124926371
3.2280767689614294
3.228079810304095
3.228073332214919
3.228067602059255
3.228066844438999
3.228068596629811
3.2280701131917624
3.2280703010002867
3.228069827269593
3.2280694260165177
3.228069379722129
3.2280695077492254
3.2280696138796827
3.2280696252161647
3.2280695906304544
3.2280695625681233
3.2280695598136333
3.2280695691530497
3.228069576570732
3.2280695772337538
3.228069574712734
3.2280695727526734
3.2280695725949045
3.2280695732751354
3.228069573792908
3.228069573829913
3.2280695736464367
3.2280695735097
3.2280695735012017
3.2280695735506555
3.228069573586751
3.2280695735886695
3.2280695735753255
3.2280695735658043
3.2280695735654064
3.2280695735690017
3.2280695735714886
3.228069573571574
3.2280695735706217
3.228069573569954
3.2280695735699396
3.2280695735702096
3.228069573570366
3.228069573570366
3.228069573570295
3.2280695735702523
3.2280695735702523
3.2280695735702807
3.2280695735702807
3.2280695735702807
3.2280695735702807
3.2280695735702807
3.2280695735702807
3.2280695735702807
3.2280695735702807
3.228069573570295
3.2280695735702807
3.2280695735702807
3.228069573570238
3.2280695735702807
3.2280695735703375
3.2280695735704086
3.2280695735703375
3.228069573570039
3.2280695735697833
3.2280695735700817
3.228069573571233
3.228069573572114
3.228069573570977
3.2280695735667138
3.2280695735634595
3.228069573567865
3.2280695735838805
3.228069573595775
3.2280695735787788
3.228069573518596
3.228069573475139
3.2280695735407505
3.2280695737668736
3.2280695739255947
3.2280695736722436
3.2280695728230455
3.2280695722439106
3.2280695732212905
3.2280695764094105
3.2280695785205893
3.228069574752894
3.2280695627874962
3.22806955509931
3.2280695696126003
3.2280696145067367
3.2280696424730735
3.2280695866076456
3.2280694182145027
3.2280693166067636
3.228069531500921
3.228070162937385
3.2280705316293847
3.228069705545124
3.2280673385091347
3.2280660025055
3.2280691761309015
3.2280780466533514
3.2280828807495396
3.228070695602966
3.2280374631977935
3.228019999419189
3.2280667579681364
3.228191221350201
3.2282542041420754
3.228074872427044
3.227608870635194
3.22738214286683
3.2280695735704086
3.2298137827040705
3.2306283305035777
3.227994518409588
3.2214681193014485
3.2185481557673086
3.228634378518265
3.2530469452245256
3.2634892223353518
3.224881296028329
3.1173672935299805
2.974521403751808
2.84163069969307
2.751563983571316
2.6954559012627044
2.6556834674644847
2.614625394893551
2.5546658617675604
2.458197135324099
2.3210575420716424
2.1805456896828304
2.0819117689598414
2.052565078711609
2.0672034120989764
2.0908482256796646
2.098693101086738
2.094736100246095
2.088034561704802
2.0851734726865914
2.086026158251812
2.0893364980186533
2.093155490122726
2.0937304298758477
2.087033557067514
2.074565716368994
2.0716323383229422
2.0956221675916566
2.153188000320924
2.2252629494349634
2.2890697822294896
2.3367134159587977
2.3945142512233986
2.4934562076149405
2.638888118725802
2.779582321303266
2.8569844258273918
2.8521187308456604
2.829881477663122
2.8655487737076015
2.989441770372366
3.140387457949302
3.2463819708021333
3.2713532519766204
3.249481136490644
3.2229214287112598
3.2164945466208508
3.2224541870418903
3.229512336862612
3.2311642796274356
3.229541509547545
3.2276663779727954
3.2272423612321006
3.2276839455109894
3.2281819642426086
3.2282906362363235
3.2281705478469576
3.228038317129389
3.228010510624415
3.2280431490773935
3.2280782477973133
3.22808535026428
3.2280764846506997
3.2280671709964253
3.2280653603881717
3.2280677672264346
3.2280702377623385
3.228070698126899
3.228070045089325
3.2280693905815667
3.2280692747024347
3.2280694516896915
3.2280696226425647
3.2280696483753815
3.2280696009237175
3.2280695653555966
3.2280695722383683
3.228069582772463
3.2280695552949368
3.2280695039308114
3.2280695111474103
3.2280696581673425
3.2280698550968623
3.2280698102661347
3.228069242327109
3.228068510870429
3.2280687030170157
3.228070855330003
3.2280735655101154
3.228072766252126
3.228064622900746
3.2280545864746983
3.228057876196374
3.2280886741843204
3.2281258263790136
3.2281123922121964
3.2279959525467063
3.227858480588708
3.2279129807657228
3.2283530720204965
3.2288615404430345
3.228641686549267
3.2269788521253275
3.2250989748019094
3.225981542323666
3.2322624269382345
3.2392095625744446
3.2356817504251154
3.2119647834038574
3.186302958025749
3.2003513141148687
3.292701816095132
3.441193846105989
3.5747017836110473
3.625991091155143
3.607816750664739
3.5949834380613197
3.6586430432107164
3.79452626633352
3.9420590328367666
4.041851156528054
4.068760592443979
4.022248290286342
3.905029593988118
3.7545474947622495
3.6322484177731695
3.593567271465858
3.615305813150229
3.6219789077440225
3.5446205850476957
3.4000141368869947
3.2597886075157305
3.190324614653491
3.1910314619763938
3.220122217794298
3.238270281280734
3.2378673938374334
3.2300664867309052
3.2253808010453184
3.2256175372481835
3.227633140756467
3.2285232896344382
3.228160364236686
3.22793447778308
3.2289898442647598
3.2301401021695284
3.2289746858344586
3.2238467533855726
3.2196899222283832
3.224758865215378
3.244346490771761
3.2595570021661757
3.2397682778656076
3.1591105281445238
3.0290068465707805
2.8782423633355876
2.733294493719555
2.6029253435679465
2.487978549476054
2.3901560021640336
2.3174549968113354
2.2805738198624255
2.2891217134557564
2.345324245583086
2.4483670379790965
2.5924639677752594
2.7399904354672344
2.8407463611399635
2.857560256783273
2.833335548432288
2.8413098229254388
2.938658477841628
3.0880711959437974
3.217917492068395
3.2698184929421785
3.2599423612229117
3.2304138397599758
3.2168276737783117
3.2196301399562515
3.227538906614484
3.231104292571416
3.230317417427898
3.228187724794566
3.2272181484165117
3.2274194581847695
3.2280392010167134
3.228431101602709
3.2284484408058347
3.228091016217263
3.227470167477165
3.2271984974928216
3.22802938213394
3.230133028043852
3.2311706787929637
3.2281289937697437
3.2203113742225327
3.216562121921342
3.2281812487911026
3.257423865298705
3.2708885218940082
3.226388646753861
3.101865272437635
2.9512158640393835
2.8462512540422154
2.831960226221014
2.856428748780644
2.8458688816909046
2.7506671884057283
2.604834038373639
2.4604464823824372
2.3579456854082537
2.299227418040772
2.27821494424785
2.2843108811141377
2.292574173675334
2.2752332590789877
2.2173715140538093
2.143148560503917
2.084112676867406
2.0618213981336027
2.0687299400747037
2.092020454838689
2.1164665701529657
2.120117145586505
2.079874385114948
1.9830140447948423
1.8445810758076249
1.6842239645077797
1.5242418614420927
1.3937387135931232
1.322831624805815
1.3195129694378807
1.337289892531345
1.3215430857484876
1.2486743960216984
1.1683874407306405
1.1408261622826927
1.1931469089421256
1.2776930939281215
1.3366479733913792
1.3413419517177516
1.3265659072170166
1.3353252866320986
1.3891653469855925
1.4647639649651154
1.5333011689268972
1.5840187468024425
1.6424288885362586
1.7381745965978865
1.876359801640234
2.0147464035735254
2.105954247715772
2.128661864064483
2.10985751255339
2.0816681197964186
2.066853573182229
2.071483232351511
2.0998547860953067
2.152415182199448
2.2230153032752895
2.3047925113714456
2.38620180614069
2.447986300271211
2.470535825011595
2.4575480169300477
2.4496377127681797
2.490225331857303
2.5961307045568134
2.743648794875554
2.9057145094709966
3.0575803657281995
3.177895441709822
3.2459715835623513
3.259594008660912
3.2425958773554697
3.220564565787555
3.2100967994437752
3.2155909616021887
3.2401191484123046
3.268795848575124
3.2632884731011416
3.1849779084157746
3.0419397269180593
2.900928200344808
2.830591267686856
2.838490218196341
2.858299289112381
2.820877651898897
2.706587984994627
2.5534294205514954
2.4018591932147757
2.2698318586303827
2.1500811654291425
2.0340362898182747
1.913937674967201
1.782901090772242
1.6349018808461295
1.4840344233567038
1.3652912205934626
1.312817042614384
1.3189030520886575
1.3339868043122323
1.3087864125059099
1.239176750147493
1.1645059907128115
1.124193448640355
1.1235836289764194
1.1364399525573106
1.1367586423335752
1.1254612525712986
1.1274928387166483
1.166939325547716
1.2376820792367766
1.3076600028071113
1.3456320895392082
1.3481364201904569
1.3346776351424978
1.3245974045091629
1.3238156907182201
1.3275718781982562
1.3309946091250566
1.3319581390438486
1.330439529133642
1.3266608152624855
1.3235302143162073
1.3259357626262158
1.337776936875855
1.3492276632931208
1.340727618114201
1.2948010557188354
1.2227496616691127
1.1555111267388725
1.1219474766277528
1.1217059018222955
1.1352569269054413
1.144026008512128
1.1439987248809018
1.1403532386802908
1.1380437234333698
1.1380753865308861
1.139055774377141
1.1396638099304823
1.139648881563943
1.1393853085684071
1.139225288122475
1.139230993505393
1.1393018311096341
1.139343927466257
1.1393419464138645
1.139322915491789
1.139311850824555
1.139312505587327
1.1393176116063302
1.1393204985944863
1.139320274571972
1.1393189250123754
1.139318247820654
1.1393183785719145
1.1393186577442833
1.1393185295105752
1.1393182639624797
1.1393185105331867
1.1393196945418964
1.1393206011301231
1.1393192922286488
1.13931465986947
1.139311366699303
1.13931651747707
1.1393339635006186
1.1393459789664746
1.1393260762922637
1.139260561081855
1.1392167453638962
1.139293495502585
1.1395394088384165
1.139699027494558
1.1394033097247842
1.138480550116256
1.1378997050307476
1.1390382671056472
1.1424997817918978
1.1446109772300446
1.1402303623382863
1.127249168501919
1.1195851900603202
1.136428490921645
1.1906945899069967
1.2635734303285346
1.3262561125638115
1.3553076332948706
1.3532983023925595
1.3306487801865643
1.3005833509863152
1.2892938544499088
1.3267208738852077
1.4316131465316744
1.5731426046603758
1.7067586538157542
1.7980243757474454
1.855386745331515
1.898656489080139
1.9457250669729547
2.006693932569732
2.08968846677584
2.1998109929582625
2.330418687337527
2.472016725081673
2.61448904993361
2.7454090760595165
2.8518134718319033
2.9266225445495593
2.983707017115819
3.0415978045960657
3.1116450951051178
3.180716026132984
3.230465944603509
3.248711624287253
3.243388841911454
3.226533287043935
3.2103887006510945
3.2078495728559915
3.23193204384863
3.288119101746588
3.3593182721414223
3.424237733511845
3.4731419395242114
3.5294848493407756
3.62261414436081
3.7622864291018203
3.904322764827782
3.995393319550317
4.008953654581958
3.98916634958276
3.9916652543940927
4.047487182018145
4.125394411483114
4.184494983106987
4.200606397096948
4.190131478681877
4.175486284165785
4.171321538792768
4.174188723881983
4.17807585583499
4.179132670557095
4.1783451328613666
4.17735206698994
4.177154172194136
4.177381483597358
4.177488700489548
4.177259922725497
4.177158727597998
4.177727387685067
4.178828550406536
4.178978229334248
4.17655568208356
4.172392117080236
4.171986637795214
4.181266424367266
4.196777952141446
4.1979056351654975
4.162450200788939
4.089712914869608
4.0168043389141985
3.984235265635661
3.9987976316514846
4.010277062994618
3.963527660203013
3.842547208250579
3.694968044100875
3.5737592997229086
3.5012664296278615
3.4519559255216734
3.39648341823694
3.325238898945159
3.2582904457514843
3.217846029971213
3.2105818233975896
3.2207029273883165
3.23085258375923
3.232583482582129
3.229850545692287
3.2274599904355625
3.227445953586738
3.228129323532542
3.227623771085291
3.226051653389362
3.2261247658895797
3.230574685952405
3.236816372289695
3.235668269891349
3.218143718901814
3.1948970796106266
3.2000391880288532
3.267836935440698
3.395961252562003
3.5400123577200446
3.654407195946135
3.72523078325996
3.7736141411681814
3.8220527174285053
3.8813533827257487
3.9498702677922637
4.025122633630204
4.099098403363087
4.1581122761947285
4.188846054059695
4.192037673255697
4.182304324704361
4.174402817638821
4.173622491122089
4.176252888051891
4.17835712900505
4.178562867266976
4.177844671177752
4.177229543102101
4.177114348151292
4.177340813965742
4.177726477291429
4.177998441549519
4.177807118180709
4.176862733548504
4.175894497884784
4.176463420823936
4.179892600859347
4.183458054980619
4.181256065791956
4.168353414135851
4.1552015386839685
4.163884995109328
4.214254652261928
4.29145459504565
4.35537446535173
4.3694222389923
4.35026078669776
4.3518391694950935
4.424082340426111
4.55781262735033
4.704041243592172
4.816246781168104
4.885451647739401
4.927004956155685
4.955145480062285
4.967241207134521
4.950146316997305
4.893385971538677
4.816307485612171
4.75613006439157
4.745071800557611
4.762844857955585
4.758908427023556
4.687946195746946
4.557869450063166
4.406070390736474
4.266773429140159
4.142649936571644
4.019575484155041
3.8856620035161598
3.749676645825602
3.6309511089949495
3.5458953187713718
3.486179557196806
3.431318471671176
3.363973861224693
3.2921570725489033
3.2358417582717465
3.211974525821077
3.214321106481677
3.2261438637773523
3.2325255508873028
3.231922401459215
3.228607493509955
3.226437982301647
3.2262719032381426
3.2277153946414643
3.2301427079471665
3.2314447249676306
3.2289182521400193
3.2213055664870893
3.216356455220506
3.225280885869722
3.2534589609187634
3.2715404429450814
3.2373816016967965
3.121917699939246
2.97060495480747
2.8552162001655716
2.8299805144718704
2.853509082972977
2.8520499762021245
2.7677642928929345
2.6257713044740285
2.478094598379812
2.3690723277930488
2.3047002993209986
2.2790621349308253
2.2831143974897685
2.2929295422953118
2.2801511612345564
2.225469701127693
2.1508402521636043
2.0899756043011735
2.0682652706698548
2.0747603409475346
2.088598620459507
2.0933484869073737
2.091093084009117
2.0887509005454774
2.090952090266512
2.0931734096015617
2.0886032796215943
2.075153818419409
2.0688244044289377
2.0899426919815625
2.1493891150887947
2.223414102223842
2.2803360231530547
2.298408325449188
2.2907524538343864
2.2781339663220166
2.2755284101766478
2.278452809170034
2.278342366698894
2.2711672686464652
2.2674946766203874
2.280821140665111
2.321198684245431
2.388058297737814
2.4787902756406197
2.5906848287811783
2.720736467469564
2.865878789701725
3.017293595991802
3.1498752802464622
3.2356767852083124
3.260476034110823
3.2473099883169
3.2254607006659057
3.2160353438148093
3.218860316099324
3.230335504569453
3.243941005833449
3.2458663796045357
3.221213531587509
3.1645297549518574
3.092990280497503
3.027037770856751
2.974778905955958
2.915958763943749
2.826433190520703
2.6985452312084277
2.5610250927973794
2.447364369225639
2.3739414964942256
2.3208700955583197
2.263738166121442
2.1921588217990973
2.1242896603877597
2.0816545292149584
2.072983327652011
2.0819919331645593
2.0895933839744885
2.086865809264779
2.083983750347201
2.093079211382758
2.1122360525156267
2.114174302226843
2.0691643371481803
1.9652102934977052
1.821094357153072
1.6587021769268944
1.5021372324525117
1.379203814454641
1.317635396113488
1.3173120215273144
1.3334192494237556
1.3176631196051574
1.2542905264095907
1.1777692154137895
1.126439452447741
1.1160256986527486
1.1286775343365036
1.1439938191883385
1.1498913472418764
1.1461672015995816
1.1336846558174045
1.1201264555980117
1.1225472399806193
1.1582105662706539
1.2252785923918736
1.2966521045120487
1.3439588027978573
1.3559520309356117
1.3431821969763575
1.317760676674581
1.2968810478176636
1.3039627665324076
1.3621756113007564
1.474797593989564
1.6216508373295255
1.7811809644586702
1.9310262125789137
2.047908354084342
2.1093856964211284
2.1170576776424923
2.098794079760083
2.08311228957875
2.081228999576254
2.086161178114722
2.090263542807733
2.090670740763997
2.0893582648714073
2.0884483670360083
2.0885564438222417
2.088828722564031
2.088407661922915
2.0876133988086423
2.0878714801055906
2.0904826404990757
2.0935147415008544
2.0921143742628203
2.081981893258444
2.0707537459163916
2.076449203294814
2.1160886654248685
2.1837710690802794
2.2544023176699
2.3031010937535967
2.3179038618738588
2.297258483182219
2.241043160893497
2.1663026426796534
2.103398156152778
2.080497207040608
2.0894298762072196
2.094898980503018
2.0635512454566083
1.99709454913922
1.9224238109560758
1.864421913071567
1.8151826472589505
1.7441362842358075
1.624241210724648
1.4766760842532705
1.3546834956105585
1.3065917446798352
1.3176144550963045
1.3325967175715903
1.3008991202333675
1.2282906919607512
1.1552391297786926
1.1191081547669768
1.1198587737405177
1.1353285351519844
1.1447904599125565
1.1444914044346888
1.140330523519168
1.1378292360121662
1.1379261749660685
1.1390550435256301
1.139757119307248
1.1397600838961353
1.1394148128743637
1.1390639392938198
1.1389330952410859
1.1391888642354218
1.1399064039676574
1.1404242446904789
1.1397238106212626
1.1371844775404583
1.1352767118445968
1.1379100649173353
1.1474119548912256
1.1543941370158706
1.1442316464825808
1.1046718163546814
1.040317530371766
0.9630034070136162
0.8844159249091206
0.8150603708711088
0.7649557210265101
0.7421978605717641
0.7425537034870189
0.7569204981037956
0.7754158404934088
0.7834501263992593
0.7646505592460358
0.7079978691909474
0.6338724472991686
0.5740600239196567
0.5537026739864785
0.5606145658485104
0.5696126401535224
0.5618018833799567
0.5520679871545866
0.5665688457639249
0.6233849133685538
0.6991302192992492
0.7571615376477325
0.7704707403655959
0.7593607798818169
0.7586235851273244
0.7957469231657086
0.8638992377149037
0.946183327750191
1.0267187833566283
1.0942012712866358
1.1386115871075475
1.153673697368717
1.1492152832877593
1.1393938272262432
1.135461326735495
1.1367041027745586
1.139328657497984
1.1403548819554175
1.1400091963897552
1.139308061949933
1.139040386634278
1.139136351033443
1.1393236071944273
1.1393934143439282
1.1393668320076245
1.139316796547675
1.139298509469242
1.1393058243268683
1.1393193398493224
1.139324471481956
1.1393225906746238
1.1393183681144592
1.1393156512060045
1.139315675139585
1.139319157130771
1.1393250243765891
1.1393267628033499
1.1393168357427328
1.1392960379739066
1.1392894331847714
1.1393264381693768
1.1394037943306472
1.1394270111007785
1.139286017426869
1.1389973818898795
1.1389166775575603
1.1394544975370025
1.1405314051471152
1.1408099571419115
1.1387590928432303
1.1347422678862813
1.1337884483170058
1.1416057657459646
1.1565838461251445
1.1598189742321239
1.129981635410303
1.0620473231422949
0.9879698418876188
0.944682112039672
0.9465678201290473
0.9589154528487285
0.9407092572816254
0.8756898355823637
0.7993565494036545
0.7535166628757537
0.754432880860378
0.7670710547816952
0.7504707928113561
0.6884442992255799
0.6125963360190809
0.5597929831356083
0.5478280457973028
0.5591375798904039
0.5724216878286654
0.5754957153173024
0.5724168767462885
0.5688880447281264
0.5680993963432712
0.5689370270762453
0.5698741628982447
0.5700761803666694
0.5698484333901348
0.569599635476763
0.5695479736518223
0.5696098603114734
0.5696758936386743
0.5696890811945963
0.5696722739999132
0.569654753301009
0.569651393583456
0.5696559555899086
0.5696606029995479
0.5696614570929484
0.5696602194734197
0.5696589871032529
0.5696587704922393
0.5696591060725922
0.5696594327668407
0.5696594875594911
0.5696593966119252
0.5696593100332166
0.5696592962132314
0.5696593208496381
0.5696593437873076
0.5696593472617906
0.5696593405912438
0.5696593345161318
0.5696593336457454
0.5696593354510497
0.5696593370595906
0.5696593372767325
0.5696593367883622
0.569659336362605
0.5696593363086606
0.5696593364407363
0.5696593365534
0.5696593365667155
0.5696593365310179
0.5696593365012177
0.569659336497935
0.5696593365075842
0.5696593365154712
0.569659336516267
0.5696593365136522
0.5696593365115632
0.5696593365113927
0.5696593365120748
0.5696593365126432
0.5696593365126859
0.5696593365124869
0.569659336512359
0.5696593365123448
0.5696593365123874
0.5696593365124443
0.5696593365124443
0.5696593365124301
0.5696593365123874
0.5696593365123448
0.569659336512359
0.5696593365125295
0.5696593365126859
0.5696593365125722
0.5696593365119895
0.5696593365113927
0.5696593365118048
0.5696593365140501
0.5696593365162528
0.5696593365146327
0.5696593365061631
0.5696593364980487
0.5696593365044151
0.5696593365363043
0.5696593365661755
0.5696593365412213
0.5696593364211111
0.5696593363111617
0.5696593364086908
0.569659336861136
0.5696593372655343
0.5696593368847687
0.5696593351811146
0.5696593336946876
0.569659335178784
0.5696593415921996
0.5696593470523084
0.5696593412757665
0.5696593171398519
0.5696592970964929
0.5696593195503681
0.5696594103557544
0.5696594838815088
0.569659396709639
0.5696590551762029
0.5696587856545392
0.5696591236860371
0.5696604078734566
0.569661395103708
0.5696600857248342
0.5696552585038575
0.5696516452559592
0.5696567120079408
0.5696748520987853
0.5696880654839447
0.5696684781064789
0.569600329796117
0.569552051894803
0.5696277054155985
0.569883648771679
0.5700598787530993
0.5697679276941301
0.5688069673534386
0.5681643010535851
0.5692900435795849
0.5728969886891662
0.5752381996540805
0.5709007481243447
0.5573661421087053
0.5488465790517694
0.5655464739870126
0.6214037123024241
0.6957085702857455
0.7558568985352281
0.776368511159987
0.7694503616157107
0.7597073678161479
0.7655234102620767
0.7738054674186827
0.7615400483996524
0.7122418164418605
0.641012386563915
0.5724886806500109
0.5292220062327715
0.5241022173225645
0.567226173293264
0.6638368254110958
0.7976775878716609
0.9465409473709769
1.0906246008437677
1.2203251944267635
1.3287419816278287
1.411256315433505
1.472511783330532
1.5195015011579613
1.5617496685999157
1.6186142218471389
1.711840781515491
1.8501184898524201
1.9935758751224029
2.0910551987617794
2.1111249025349395
2.0925942572757776
2.089897630956173
2.139444163263846
2.2161850691372393
2.2819874628894183
2.3089813192475646
2.3028080907413226
2.275939891359968
2.244774672105578
2.237989730063788
2.2866440973941593
2.4037582192275693
2.548294233954522
2.6691528281344574
2.737144590350269
2.7860051262661045
2.8606672026151045
2.9852181177198958
3.1263562029865852
3.241028471903604
3.3070221396677795
3.35713755896964
3.4330971397995995
3.5562267559166543
3.6962125328959843
3.8147447157694074
3.890490529653931
3.9433522999740376
3.9993208207162496
4.07101258435236
4.13987158812418
4.182969957210872
4.190377186545717
4.181240667253249
4.1785738417558775
4.190917831715453
4.195727856813477
4.166565966395069
4.097132198548408
4.022666620312847
3.983325787650344
3.991446350970847
4.004241594509381
3.9726563565969712
3.872444057206323
3.726587389761775
3.563343051548074
3.4088320702877297
3.285268252151809
3.214246181902226
3.199851734906119
3.2153812335311898
3.2311939386077313
3.2322014753161454
3.2279182192836373
3.2300785456670837
3.2397989586283984
3.2409348517935257
3.2159621578357758
3.1598504191491514
3.087102464942248
3.0137815405196875
2.948214991168882
2.887096305833353
2.826198418697672
2.763282993218482
2.6989889431985006
2.634179699496272
2.5696977366040414
2.506356357094191
2.4449186819484368
2.3841457256362446
2.320116647396574
2.248938079129587
2.1749364290636777
2.113034385845026
2.0784764638358126
2.0732160390546426
2.082715709798464
2.091671129712722
2.0932235002033934
2.090600198676114
2.0875680779015084
2.0863219083746714
2.0872491949734098
2.090551740668303
2.0940413203762063
2.0928847441117853
2.0825524982494272
2.0699091052571674
2.0739580304014282
2.1133070062597312
2.1828251900326308
2.2530342380808577
2.2943713098024006
2.3002745911519753
2.2868938540683246
2.27105970465297
2.2636242936526827
2.269756640142475
2.2944255623752525
2.3430916348450097
2.421665459499849
2.5351229522558896
2.6708437426053138
2.800705507267125
2.8975942024513444
2.961150316939083
3.0137035206455067
3.076895767707782
3.1493468250316
3.210883383227653
3.2420894512906386
3.2437177721093775
3.232367375980857
3.224259994628838
3.2239070786763335
3.2269653436149355
3.2291040572871452
3.229176496299317
3.228352785975545
3.227788940192667
3.2277755332766276
3.2279972056984008
3.2281452433070115
3.2281467143905047
3.2280875086369463
3.228050772291766
3.228052897640012
3.228067023400669
3.22806812757257
3.228059687736348
3.22806294230098
3.2280949416406486
3.2281257720917296
3.228097375270977
3.2279673728642138
3.2278542271749586
3.2279690739826634
3.2284609188511553
3.2288763808582814
3.2284284381632204
3.2265769745759343
3.2250522373325055
3.22679299653511
3.233758168840666
3.239350073733675
3.232594578994565
3.2063999609551104
3.185906949600323
3.212093444395123
3.3173909238425097
3.4663258739812903
3.5913808049438387
3.635460080575342
3.620874300663047
3.6059134168317257
3.640504983984428
3.713576389169944
3.7875227727454757
3.8287954676640226
3.832249805510827
3.8045975573194397
3.7529806656273763
3.6870856733367816
3.6176182115078745
3.55347020763989
3.492226887837532
3.4271300775533575
3.3539415261905674
3.283470056641505
3.232067329193953
3.212390745416002
3.2160315245504307
3.22714149310913
3.232291023087839
3.2312558391738833
3.2282811887523337
3.226933383419677
3.227226522131204
3.228022679293929
3.2283751362025157
3.2282923480397727
3.2280795230237658
3.2279879536989995
3.228011556814934
3.2280676652723486
3.228089355864654
3.22808156908188
3.228069721824525
3.2280724585965714
3.2280788529410387
3.2280699113106692
3.228037732588845
3.2280207678480224
3.228069573570295
3.2281957414636793
3.2282550039965656
3.2280641292730508
3.2275905463330616
3.2273785720986155
3.228110566121714
3.229882434131625
3.23064035966965
3.227838251149791
3.221212372174051
3.21850910521286
3.2292296321761853
3.253999055178326
3.2636125822740922
3.222611107317462
3.112427057165476
2.968862483684916
2.8386295090994196
2.7535393779838273
2.6994571908164744
2.653424889814403
2.5981031951614995
2.532753692434767
2.4596920758490484
2.3838662573026568
2.3176778185820694
2.2748279930431465
2.262294479431432
2.2688026786037625
2.2800181935841692
2.2853799382528734
2.284149475262069
2.277173320317786
2.267910567940831
2.2663437610371773
2.283445338792319
2.3267368509987136
2.395472689510143
2.4876936553291955
2.6011109820413907
2.7326781962810145
2.8792072884188116
3.0303537470717288
3.1599787000019433
3.239934806346369
3.2593831251195127
3.24416327125563
3.224708919727192
3.2196917154790725
3.223844739947751
3.2290176675509343
3.230310500045519
3.229178100060949
3.227803053132675
3.2274703854145628
3.2277789439668823
3.2281442014620723
3.2282294494415282
3.228145414785317
3.2280489716775236
3.2280280567387933
3.22805096113386
3.228074317283344
3.228076083770148
3.2280698053439068
3.2280721796043395
3.2280850893837822
3.2280866452743737
3.2280534619292354
3.228000501528385
3.22800190863893
3.228134241770306
3.228332270829654
3.2283202697681617
3.2278165856306487
3.227080797227771
3.227145510610697
3.229055934696248
3.231787747122965
3.231472501236354
3.2242305384870633
3.2140917372926623
3.215546243916293
3.2434728763533087
3.300514327652067
3.3737394759112505
3.44935466295955
3.518579086001651
3.578772868459879
3.6280223850492916
3.6755012666667994
3.7434569680120404
3.853816617617511
3.9971651725519877
4.128511050991861
4.202341470662674
4.211185501648515
4.189141496390718
4.171520137757895
4.170990894122156
4.176405469681782
4.175992853477666
4.169978660987397
4.17073802129859
4.190977213395428
4.238803140230814
4.317838358079655
4.430796377668827
4.565517176160242
4.695879912138295
4.796377029166521
4.863751679980851
4.914853075831033
4.966734226464993
5.027040690610619
5.095234787712741
5.170093106719506
5.243357732944034
5.300880487998626
5.329308061759875
5.330960933438462
5.320792249166388
5.313425786888388
5.313058494381821
5.315798989525689
5.317742649444938
5.317820967233857
5.317082703981683
5.316570324507609
5.3165549422007246
5.316753551177243
5.316887501625274
5.316889106608571
5.316836494811781
5.316805539920651
5.3168095806258435
5.316820373149042
5.316812126536291
5.316795858096384
5.316806127928032
5.3168700913397515
5.31692997481467
5.316875762350634
5.316626218424858
5.316406140850205
5.316621344135669
5.317563111389376
5.318371654318582
5.317532619277543
5.31398747457547
5.311018766928754
5.314281856801713
5.327621042869396
5.338513795162029
5.325840419819613
5.275664722048376
5.235725629796477
5.284888546172979
5.391450609866652
5.5177543869142625
5.663168909261628
5.812200216459814
5.949354348059899
6.0591373436129885
6.155271058917194
6.146198323521077
6.086894025253187
6.0446869524975995
6.038848217556364
6.068030183905918
6.1284980688745065
6.2010159322621945
6.259965823386693
6.284127269168451
6.280621210605375
6.267762808242651
6.261435816370351
6.2624471926516065
6.265892468409589
6.267549492516494
6.267258930495416
6.266337189995966
6.265906799612523
6.265991895476702
6.266234163744954
6.266333178348816
6.266300931713104
6.266253666442083
6.266279010352861
6.266317464868095
6.266262493543707
6.266063739032774
6.265946633483807
6.26622106933408
6.266992964922849
6.267410234072358
6.266339813819954
6.263441196191337
6.261936342124983
6.26604768343995
6.276904447382435
6.282327941350147
6.266561376147465
6.21898600460203
6.150142887200701
6.076019359875261
6.0089902713727525
5.947189407864883
5.885241776684751
5.8196947183268435
5.754349967116937
5.694720060581886
5.642230105927538
5.583538124114696
5.501969058801706
5.387579237421022
5.253710012933809
5.118732723089352
4.994541889176119
4.871576730422021
4.735843749526211
4.584099998572924
4.447213213072388
4.362789244278019
4.349270773527692
4.366848576641942
4.364703440021785
4.3118561009669065
4.23511965099307
4.171757642076429
4.147361507896335
4.154933313805657
4.181824445351907
4.2112890437413455
4.21561324455439
4.165309690709776
4.049668952184533
3.90618837349777
3.779942805935164
3.6983811901345405
3.6455462056965047
3.5989418241973823
3.5427219120483215
3.4767537757445695
3.4031881547273883
3.3274780465363847
3.262565676920346
3.222381457260994
3.212440485615943
3.219935663735967
3.229685378558642
3.232251757126832
3.230205514254351
3.2276125483392377
3.226950727367239
3.227508944228873
3.228198352308567
3.228368828397251
3.228216656890311
3.228033406566553
3.227989537877022
3.2280309907075093
3.2280797104593546
3.228091024628867
3.228079742131129
3.228066699942019
3.22806363566977
3.2280667003064565
3.228070544153482
3.228071930027994
3.228071100077088
3.2280686356455988
3.2280660471926694
3.2280663168000814
3.2280724514209282
3.228081414754101
3.228080963857593
3.228058541892608
3.228025412577651
3.228027749707948
3.2281125670958346
3.2282355502405835
3.2282236092998176
3.227902078456893
3.2274455473426826
3.2275024686745297
3.228721140601735
3.2304152988763377
3.2301561537887835
3.225538632477381
3.21925392678763
3.2203974302050824
3.2378872629450512
3.261192845331223
3.256259519895977
3.188804751766014
3.0608697492674963
2.9167871031263246
2.8021691485427596
2.7311812492339413
2.6827432766352644
2.6343476237319976
2.5750966617787867
2.5066194946037825
2.4313902279043447
2.3573773703439542
2.2982565988323245
2.2673619664037687
2.264064934334627
2.2737743721481536
2.2817287941805944
2.282556220177824
2.279924131157671
2.277743907269752
2.2774548333506033
2.2782050163356473
2.279073661037586
2.2794728581880292
2.2791117082440024
2.277777605287582
2.27646259443695
2.277193386322935
2.281716406158324
2.2865353957855206
2.283819671003741
2.26688317565808
2.2491021942553715
2.2598179987168407
2.326802869689743
2.4479699364082137
2.5983638527034145
2.7529267768134105
2.893320231113208
3.006158169587138
3.080225361865942
3.131574700985311
3.1955978111232923
3.3045039472627025
3.445375553035234
3.57450322351265
3.6523831067841996
3.696638883632531
3.7623928412981655
3.899987730081804
4.098415328714822
4.307933262370341
4.481876800143937
4.613092882368619
4.718418422819738
4.81545191490801
4.92611109572664
5.074835249428659
5.282764272259186
5.538779796998341
5.81365951007092
6.077599277625495
6.2972808280434975
6.437490333509871
6.47134783644168
6.445260968543394
6.443624946488711
6.4771373067556794
6.5148901317851085
6.561167464620567
6.612652741663496
6.666029399315335
6.717980873977538
6.76519060205149
6.804342019938673
6.832118564040513
6.8399592564025085
6.76704075824091
6.66334139509938
6.580982774570259
6.521788818944145
6.466297575767015
6.398687111551283
6.327715676778794
6.272122757717497
6.247459415758797
6.248945898735798
6.263883017071549
6.279768709388762
6.285399581506368
6.270057373642217
6.2256799052665315
6.159537849332992
6.0843934513152504
6.011791301769236
5.946513138536503
5.891019031350524
5.8446427640624705
5.790215382839079
5.705139016745704
5.5756695967687335
5.432823825199719
5.321725506085173
5.277279991969948
5.28495248647242
5.31528345483072
5.341185935825237
5.346567689325923
5.318514899336009
5.251808619853037
5.175313535111172
5.127328449336517
5.131546300397062
5.149729963069177
5.127231538653817
5.026893860084826
4.882549494031679
4.746038770292699
4.6561455226790684
4.600926630653774
4.556121361971819
4.502241036846144
4.437545543733918
4.364420320628355
4.287554945738719
4.219843561786547
4.176004852538654
4.164299688430404
4.170970699707695
4.177573804189251
4.172700534480043
4.167915925625721
4.179464648342218
4.219376796929822
4.2864999921822715
4.37711184940845
4.488009500533437
4.617546972628986
4.764361210907111
4.919719953487302
5.053726650225514
5.132736933673129
5.143011721506696
5.125612510942872
5.130908173831514
5.187183964063038
5.264429677147334
5.323166120557161
5.339578358299832
5.3295100637595
5.314963351517619
5.310615177423131
5.313350542946907
5.3174123994035085
5.318897466889837
5.3182231844926235
5.316422150585467
5.314697641200141
5.314634774796417
5.317855528572707
5.323296169863312
5.324124180541602
5.312831751545573
5.292819590401535
5.289990159937062
5.332905238059325
5.434550287525738
5.57704729737776
5.738866122855086
5.89631363213735
6.021578912354656
6.08664794535315
6.088956531513375
6.072501082102406
6.085903029538613
6.147903365122829
6.224697492424923
6.277422529125786
6.2885284127088426
6.276497300190201
6.263143989724682
6.260300684763791
6.263571225209034
6.267116015967872
6.267842706330811
6.266954158396459
6.266013429744419
6.265828048063554
6.2660693156269645
6.266318895623186
6.266366091355351
6.266300615337471
6.2662344201691695
6.26622243142117
6.266240191249153
6.26625774272236
6.2662607807111925
6.2662559659362245
6.266251313562336
6.266250545742821
6.266251850422435
6.266253083416004
6.266253277109271
6.266252923700591
6.2662525964232145
6.266252546923411
6.2662526427893255
6.266252731915131
6.266252747485879
6.266252720736944
6.26625268785331
6.266252672162452
6.266252682762854
6.266252726607675
6.266252774259641
6.266252757511751
6.266252612992773
6.266252439167971
6.2662525004906655
6.266253041300544
6.266253683941585
6.266253436589167
6.266251393840477
6.266249016725794
6.266250015811494
6.266257734510134
6.266266524244571
6.266262507478103
6.266233349389623
6.266200861945094
6.266216939701039
6.266327053478491
6.266447076000929
6.26638297432612
6.265967263321286
6.265524051073953
6.2657787346024065
6.26734768572436
6.26898358544716
6.267974839410911
6.262055187808173
6.2560199937482395
6.260004270174406
6.284044385693676
6.3350028524212405
6.417432721070085
6.534430266477997
6.670797374077154
6.798527189635806
6.891698739404518
6.953372021905665
7.006128415686021
7.070774293200429
7.143098087607115
7.202677731790928
7.230790837444886
7.23060633722821
7.218935749691042
7.211594294374308
7.2117212722505
7.214859529848894
7.216792108046235
7.216737566457368
7.215893948906626
7.215385402438159
7.215405445171356
7.2156321522386975
7.215765922751217
7.215759116323113
7.215698212078166
7.215663038211815
7.215665242051159
7.215681598383142
7.2156908421918615
7.215690150168371
7.215685760195456
7.215683336708523
7.215683552655719
7.215684725531091
7.215685342372197
7.215685262966275
7.2156849691000104
7.215684881002687
7.215684957231787
7.215684955538947
7.215684701276572
7.215684486430547
7.215684797769697
7.215685906128613
7.215686671454762
7.215685388648652
7.215681187371288
7.215678402804244
7.215683369798143
7.21569914821346
7.215709287075086
7.215690148270326
7.215630944825506
7.215594064508977
7.21566773629921
7.215889802774456
7.216023796819712
7.2157404076505
7.214907708036776
7.2144214996648515
7.2155108888568975
7.218632390549573
7.220394230094556
7.216209047799978
7.204511147567288
7.198136238384606
7.214205261375355
7.264271304867989
7.334490100718412
7.403780810487902
7.457996957739198
7.513265835057467
7.59397355454449
7.715250758141991
7.853551902398806
7.975230711185333
8.05634257629336
8.111749680679736
8.166015881226926
8.23563672086837
8.30621378505704
8.355955549997944
8.370622617315334
8.36365887919905
8.354849236031768
8.35747799759939
8.362015100326914
8.353929993782032
8.329129375867367
8.318596466927175
8.36066916839647
8.474868552057444
8.620149015722106
8.743313760906133
8.812388064387406
8.860834457792649
8.93467178983866
9.059615449735759
9.201393583858689
9.31473415987874
9.37625938180527
9.424589521350583
9.509198869505639
9.651602897735302
9.797417609106063
9.876195492366762
9.883346925923945
9.87907072102854
9.865136236231137
9.843312830082468
9.815369861133135
9.783076687933871
9.748202669035251
9.712517162987993
9.665207463078886
9.578875346476053
9.519427900596341
9.491267901089401
9.478756585531329
9.42202362482513
9.255851727948567
